-2.601651906967163086e+00 -4.235276412963867188e+01 -3.737725019454956055e-01
-2.685814285278320312e+01 -3.255719757080078125e+01 -1.561240005493164062e+01
-3.357005310058593750e+01 -2.888175010681152344e+01 -2.676311683654785156e+01
-2.312053298950195312e+01 -3.197123908996582031e+01 -3.494919204711914062e+01
-3.062986946105957031e+01 -2.831826210021972656e+01 -2.692130088806152344e+01
-1.432512283325195312e+01 -2.770157051086425781e+01 -3.559066009521484375e+01
-2.581411743164062500e+01 -2.788191223144531250e+01 -3.878953170776367188e+01
-1.931932067871093750e+01 -2.789829254150390625e+01 -4.828276062011718750e+01
1.124542713165283203e+01 -3.471648788452148438e+01 -4.200937271118164062e+01
-1.380961132049560547e+01 -3.843673324584960938e+01 -2.332023429870605469e+01
-6.622295379638671875e+00 -3.361136627197265625e+01 -3.579288101196289062e+01
-1.900661659240722656e+01 -2.697421264648437500e+01 -2.556005287170410156e+01
-2.361499214172363281e+01 -3.608319091796875000e+01 -2.555780410766601562e+01
-2.108513069152832031e+01 -4.678950881958007812e+01 -3.014325523376464844e+01
-1.690559577941894531e+01 -3.449345016479492188e+01 -3.367666625976562500e+01
-2.581910324096679688e+01 -1.042200374603271484e+01 -3.947683715820312500e+01
-2.670435333251953125e+01 -1.145219230651855469e+01 -3.299245452880859375e+01
-3.761234283447265625e+01 1.984694361686706543e+00 -4.157431030273437500e+01
-3.221092605590820312e+01 -1.847055244445800781e+01 -2.768146705627441406e+01
-2.365844154357910156e+01 -2.030398178100585938e+01 -3.182578277587890625e+01
-3.755691909790039062e+01 -2.564639091491699219e+01 -3.238979721069335938e+01
-2.742727088928222656e+01 -1.616100692749023438e+01 -2.210184860229492188e+01
-4.028339004516601562e+01 -1.722265052795410156e+01 -3.074403381347656250e+01
-4.449483489990234375e+01 -2.185956001281738281e+01 -4.030556869506835938e+01
-3.283402252197265625e+01 -1.121698570251464844e+01 -2.994569778442382812e+01
-3.248228454589843750e+01 -1.902482986450195312e+01 -3.569772338867187500e+01
-3.789232254028320312e+01 -1.339666557312011719e+01 -3.121335792541503906e+01
-3.640767288208007812e+01 3.109609127044677734e+00 -2.411289215087890625e+01
-3.505362701416015625e+01 -4.191590845584869385e-01 -4.615778732299804688e+01
-3.796558380126953125e+01 -1.589933776855468750e+01 -3.827521514892578125e+01
-1.955244445800781250e+01 -9.313560485839843750e+00 -3.516324615478515625e+01
-3.333887481689453125e+01 -1.268724441528320312e+01 -4.040521240234375000e+01
-3.674000549316406250e+01 -1.547348403930664062e+01 -3.035980033874511719e+01
-3.321392059326171875e+01 -2.847933053970336914e+00 -3.644256210327148438e+01
-1.617469024658203125e+01 -1.278822612762451172e+01 -4.209794616699218750e+01
-1.851476860046386719e+01 -1.100914287567138672e+01 -5.323680496215820312e+01
-1.273374557495117188e+01 -1.762974929809570312e+01 -3.688900375366210938e+01
-1.477455902099609375e+01 -2.632515525817871094e+01 -4.748657608032226562e+01
-2.264764022827148438e+01 -2.537173271179199219e+01 -3.694787597656250000e+01
-1.081208229064941406e+01 -2.363304901123046875e+01 -4.719964218139648438e+01
-1.510841274261474609e+01 -1.089376544952392578e+01 -3.998182296752929688e+01
-1.174797916412353516e+01 -2.161288642883300781e+01 -3.891037750244140625e+01
-6.867867946624755859e+00 -2.430806350708007812e+01 -5.342924880981445312e+01
-6.280197501182556152e-01 -2.794841957092285156e+01 -4.916707611083984375e+01
-6.071554183959960938e+00 -1.699281120300292969e+01 -4.338926315307617188e+01
-5.407360553741455078e+00 -1.626038360595703125e+01 -3.356724929809570312e+01
-1.671508979797363281e+01 -5.216018557548522949e-01 -3.782229614257812500e+01
-1.862243270874023438e+01 -8.107558250427246094e+00 -3.473554992675781250e+01
-1.881728363037109375e+01 -1.025426673889160156e+01 -4.342996597290039062e+01
-7.762016773223876953e+00 -1.667184257507324219e+01 -4.092437362670898438e+01
-2.263508796691894531e+01 -4.688349723815917969e+00 -4.135982513427734375e+01
-1.634942817687988281e+01 -1.082574748992919922e+01 -3.768719482421875000e+01
-2.175390243530273438e+01 -1.802700233459472656e+01 -5.233057785034179688e+01
-1.971999740600585938e+01 -2.741438865661621094e+00 -5.167813873291015625e+01
-6.144711494445800781e+00 -4.229488849639892578e+00 -4.837200927734375000e+01
-1.018168926239013672e+00 -5.725478649139404297e+00 -4.770194625854492188e+01
-3.807662725448608398e+00 3.196336507797241211e+00 -3.524773406982421875e+01
-3.993706893920898438e+01 -2.426992416381835938e+01 -1.919216728210449219e+01
-4.011917495727539062e+01 -2.916155624389648438e+01 -1.644701004028320312e+01
-3.334082412719726562e+01 -3.780015182495117188e+01 -2.985111999511718750e+01
-1.932433319091796875e+01 -3.842058563232421875e+01 -2.263701629638671875e+01
-2.088426208496093750e+01 -3.589468765258789062e+01 -2.001155853271484375e+01
-3.162390708923339844e+01 -3.628905487060546875e+01 -1.745470619201660156e+01
-3.410446166992187500e+01 -3.288318634033203125e+01 -2.367292404174804688e+01
-3.225190353393554688e+01 -3.104966735839843750e+01 -2.663860130310058594e+01
-3.307633590698242188e+01 -2.754899597167968750e+01 -2.297713661193847656e+01
-3.572794723510742188e+01 -2.907228088378906250e+01 -1.269934844970703125e+01
-3.049086380004882812e+01 -3.284587860107421875e+01 -1.340966320037841797e+01
-3.147312736511230469e+01 -4.564169311523437500e+01 -2.196822929382324219e+01
-3.725097274780273438e+01 -2.302985191345214844e+01 -1.104378128051757812e+01
-3.443351745605468750e+01 -3.487250137329101562e+01 -9.742692947387695312e+00
-2.051054573059082031e+01 -4.347289657592773438e+01 -2.574377059936523438e+01
-2.580060768127441406e+01 -3.242113494873046875e+01 -2.361992645263671875e+01
-2.292684745788574219e+01 -3.426873779296875000e+01 -2.694395256042480469e+01
-1.957191658020019531e+01 -4.451575088500976562e+01 -1.600914955139160156e+01
-1.722222328186035156e+01 -3.798135375976562500e+01 -1.551195526123046875e+01
-7.277915954589843750e+00 -4.562988281250000000e+01 -1.829687309265136719e+01
-4.541947841644287109e+00 -4.207485198974609375e+01 -2.402675819396972656e+01
-5.591815710067749023e-01 -4.338047027587890625e+01 -2.052573585510253906e+01
-5.849740982055664062e+00 -4.483652877807617188e+01 -1.882628440856933594e+01
6.860591888427734375e+00 -4.434508895874023438e+01 -1.782945251464843750e+01
-6.665866851806640625e+00 -4.618604660034179688e+01 -1.293987274169921875e+01
-2.343215560913085938e+01 -4.091538619995117188e+01 -1.991692352294921875e+01
-1.948176956176757812e+01 -4.390988159179687500e+01 -2.396457862854003906e+01
-1.315722274780273438e+01 -4.867587661743164062e+01 -4.425014495849609375e+00
-1.195576286315917969e+01 -5.475160980224609375e+01 -1.133798503875732422e+01
-2.989109611511230469e+01 -5.335668945312500000e+01 2.333616495132446289e+00
-1.753057861328125000e+01 -4.682357025146484375e+01 -4.802016258239746094e+00
-1.788452911376953125e+01 -5.195783233642578125e+01 -1.348592472076416016e+01
-1.786440658569335938e+01 -5.263559722900390625e+01 -8.699641227722167969e+00
-2.263467407226562500e+01 -4.838738250732421875e+01 -3.930169582366943359e+00
-2.019125175476074219e+01 -4.387038040161132812e+01 -9.556685447692871094e+00
-7.671430587768554688e+00 -4.874570083618164062e+01 -1.720529174804687500e+01
-1.610960960388183594e+01 -4.635477447509765625e+01 -9.601533889770507812e+00
-6.208665847778320312e+00 -3.856763076782226562e+01 -1.166801643371582031e+01
-1.557090377807617188e+01 -5.266883850097656250e+01 -7.521885871887207031e+00
-1.076445579528808594e+00 -5.346196365356445312e+01 2.174802064895629883e+00
-4.033256530761718750e+01 -3.071086120605468750e+01 -2.257407188415527344e+01
-3.702177429199218750e+01 -2.542459869384765625e+01 -1.315525245666503906e+01
-3.885400009155273438e+01 -2.648058509826660156e+01 -1.736024475097656250e+01
-3.900646209716796875e+01 -2.020870590209960938e+01 -1.645305633544921875e+01
-4.373756408691406250e+01 -1.941429901123046875e+01 -1.682588386535644531e+01
-4.279914855957031250e+01 -2.445896530151367188e+01 -1.467297649383544922e+01
-4.217955017089843750e+01 -2.119499206542968750e+01 -9.363050460815429688e+00
-4.463931274414062500e+01 -3.959146499633789062e+00 -1.969526290893554688e+01
-4.776092147827148438e+01 -3.893093585968017578e+00 -2.557369995117187500e+01
-3.947570419311523438e+01 1.204432249069213867e+00 -2.187318420410156250e+01
-4.099920654296875000e+01 -1.224553108215332031e+01 -1.864404106140136719e+01
-4.683202362060546875e+01 -1.591023159027099609e+01 -2.010315322875976562e+01
-3.465274810791015625e+01 -6.889735221862792969e+00 -1.496367931365966797e+01
-5.385878753662109375e+01 -1.164485216140747070e+00 -2.235617828369140625e+01
-4.903564453125000000e+01 -1.496297645568847656e+01 -5.745726108551025391e+00
-4.662431335449218750e+01 -2.554976081848144531e+01 -1.608727645874023438e+01
-5.817921829223632812e+01 -2.079588890075683594e+01 -2.003243446350097656e+01
-5.184609603881835938e+01 -1.123764324188232422e+01 -4.491076946258544922e+00
-4.198042297363281250e+01 -1.700689697265625000e+01 -9.859546661376953125e+00
-5.425339126586914062e+01 -2.868952178955078125e+01 -1.316376090049743652e+00
-4.713192749023437500e+01 -9.003719329833984375e+00 5.031291484832763672e+00
-5.491825103759765625e+01 3.080073118209838867e+00 -9.104668617248535156e+00
-5.037429428100585938e+01 4.634373664855957031e+00 -9.011909484863281250e+00
-4.816986465454101562e+01 6.626988410949707031e+00 -1.273273944854736328e+01
-4.579252624511718750e+01 -1.637952804565429688e+01 -9.566213607788085938e+00
-5.209629440307617188e+01 -9.500541687011718750e+00 -4.935703754425048828e+00
-4.695086669921875000e+01 2.344425678253173828e+00 -3.201127529144287109e+00
6.669309616088867188e+00 -2.357133483886718750e+01 -4.121884155273437500e+01
1.193683242797851562e+01 -3.067289733886718750e+01 -3.323011779785156250e+01
1.750376129150390625e+01 -2.367152214050292969e+01 -4.139776992797851562e+01
1.878285026550292969e+01 -2.071242332458496094e+01 -4.315746688842773438e+01
1.698357582092285156e+01 -4.088993453979492188e+01 -2.452049446105957031e+01
1.573459339141845703e+01 -3.687797927856445312e+01 -3.682046127319335938e+01
9.258042335510253906e+00 -3.346475601196289062e+01 -3.045492172241210938e+01
1.635643577575683594e+01 -2.742764854431152344e+01 -3.838758087158203125e+01
1.006601333618164062e+01 -3.324353027343750000e+01 -5.207364654541015625e+01
8.590618133544921875e+00 -3.441112899780273438e+01 -4.194120025634765625e+01
2.159726142883300781e+01 -2.786955451965332031e+01 -2.639160156250000000e+01
2.454263877868652344e+01 -2.922716140747070312e+01 -3.873140716552734375e+01
2.209477996826171875e+01 -3.371543121337890625e+01 -2.542748260498046875e+01
2.375274467468261719e+01 -2.936358833312988281e+01 -2.393046379089355469e+01
2.419439315795898438e+01 -3.678511428833007812e+01 -3.076303863525390625e+01
1.482970523834228516e+01 -4.120314788818359375e+01 -2.507098579406738281e+01
2.066897010803222656e+01 -3.491906356811523438e+01 -2.612767219543457031e+01
3.352365875244140625e+01 -4.109822845458984375e+01 -3.702219772338867188e+01
2.849071884155273438e+01 -3.425712203979492188e+01 -3.176985549926757812e+01
2.013059043884277344e+01 -3.212665176391601562e+01 -3.090582084655761719e+01
2.799253845214843750e+01 -2.427664756774902344e+01 -2.890036773681640625e+01
-2.532030344009399414e-01 -1.946317291259765625e+01 -4.282479476928710938e+01
-6.028044223785400391e+00 -1.717478942871093750e+01 -4.310666656494140625e+01
1.619131469726562500e+01 -1.830938911437988281e+01 -4.848683547973632812e+01
1.104212284088134766e+01 -1.262327861785888672e+01 -4.757557296752929688e+01
2.983536148071289062e+01 -2.804825973510742188e+01 -4.144076156616210938e+01
2.375592041015625000e+01 -1.655900192260742188e+01 -3.661388015747070312e+01
2.938004684448242188e+01 -2.322825622558593750e+01 -3.746551895141601562e+01
2.690831565856933594e+01 -2.086046600341796875e+01 -2.837470436096191406e+01
1.493848609924316406e+01 -1.383967304229736328e+01 -5.149117279052734375e+01
6.414372920989990234e-01 -5.965208530426025391e+00 -5.551162338256835938e+01
-2.915567874908447266e+00 3.413862466812133789e+00 -5.508631134033203125e+01
2.329355621337890625e+01 -4.646519660949707031e+00 -4.024367523193359375e+01
1.753560638427734375e+01 -7.061813354492187500e+00 -4.925275039672851562e+01
1.269357585906982422e+01 -5.843033790588378906e+00 -4.641556930541992188e+01
1.261903285980224609e+01 -9.512112617492675781e+00 -4.203938674926757812e+01
2.522837448120117188e+01 2.091196060180664062e+00 -3.588684463500976562e+01
1.931052207946777344e+01 -1.204423618316650391e+01 -4.937709045410156250e+01
2.346636390686035156e+01 -1.969492149353027344e+01 -3.815037155151367188e+01
2.092752265930175781e+01 -3.729492425918579102e+00 -4.584667587280273438e+01
2.418654060363769531e+01 -1.903810882568359375e+01 -3.599216461181640625e+01
3.310708999633789062e+01 -2.705545186996459961e+00 -3.968627548217773438e+01
2.578980636596679688e+01 -3.056175470352172852e+00 -3.911526107788085938e+01
2.283289909362792969e+01 -2.866674232482910156e+01 -3.595909500122070312e+01
2.761327743530273438e+01 -2.374295616149902344e+01 -2.809339714050292969e+01
2.193313217163085938e+01 -1.685742950439453125e+01 -4.641313934326171875e+01
3.319760894775390625e+01 -1.065455436706542969e+01 -3.983774566650390625e+01
2.911585426330566406e+01 -1.984131050109863281e+01 -3.803108978271484375e+01
3.838815689086914062e+01 -1.881706619262695312e+01 -4.132179641723632812e+01
3.020824432373046875e+01 -2.634833145141601562e+01 -3.594437408447265625e+01
3.832024383544921875e+01 -2.040498352050781250e+01 -3.603730392456054688e+01
3.248271560668945312e+01 -2.284374427795410156e+01 -3.550007629394531250e+01
3.357246780395507812e+01 -2.425257110595703125e+01 -3.204558563232421875e+01
3.691809463500976562e+01 -7.524816989898681641e+00 -4.055811309814453125e+01
3.666714096069335938e+01 -4.820233821868896484e+00 -3.522782516479492188e+01
4.227909851074218750e+01 -6.203199863433837891e+00 -2.330964469909667969e+01
3.703889083862304688e+01 3.643482327461242676e-01 -3.932738494873046875e+01
3.079731941223144531e+01 -6.409561157226562500e+00 -2.748655128479003906e+01
3.835527420043945312e+01 -8.614416122436523438e+00 -2.775390815734863281e+01
4.259156703948974609e+00 -4.485618972778320312e+01 -2.289679145812988281e+01
6.311703205108642578e+00 -3.743892288208007812e+01 -2.052674484252929688e+01
4.386967658996582031e+00 -4.569854736328125000e+01 -1.057335376739501953e+01
6.624100685119628906e+00 -5.654992675781250000e+01 -1.517539024353027344e+01
2.003913116455078125e+01 -4.678791427612304688e+01 -1.845898628234863281e+01
5.324970245361328125e+00 -3.670012664794921875e+01 -1.725946617126464844e+01
1.171574783325195312e+01 -3.821190643310546875e+01 -1.057556343078613281e+01
1.542474937438964844e+01 -4.225531005859375000e+01 -1.628866577148437500e+01
2.910815238952636719e+01 -4.411954498291015625e+01 -1.769351959228515625e+01
-1.679177284240722656e+00 -4.910930252075195312e+01 6.044346690177917480e-01
8.681576728820800781e+00 -4.338342285156250000e+01 -1.106149578094482422e+01
8.807760238647460938e+00 -5.430769348144531250e+01 -2.659755468368530273e+00
1.598882198333740234e+01 -4.313064193725585938e+01 -1.123113632202148438e+01
1.936303901672363281e+01 -5.399298858642578125e+01 -7.176340579986572266e+00
1.562690639495849609e+01 -4.639331054687500000e+01 -1.122152519226074219e+01
1.887837791442871094e+01 -4.652476119995117188e+01 -1.753141212463378906e+01
1.708475494384765625e+01 -4.252048873901367188e+01 -1.019135951995849609e+01
2.596363067626953125e+01 -4.027536773681640625e+01 -5.855595111846923828e+00
8.786252975463867188e+00 -4.790528488159179688e+01 -2.304534196853637695e+00
2.250080490112304688e+01 -4.440813446044921875e+01 -1.341794013977050781e+01
2.728648185729980469e+01 -2.745007705688476562e+01 -2.185185241699218750e+01
2.142281723022460938e+01 -3.891893386840820312e+01 -2.275427436828613281e+01
2.572831344604492188e+01 -2.823930168151855469e+01 -2.571860313415527344e+01
3.292353057861328125e+01 -2.280762100219726562e+01 -2.176607704162597656e+01
4.010211563110351562e+01 -3.210319137573242188e+01 -2.117041206359863281e+01
3.261999893188476562e+01 -3.167801666259765625e+01 -1.120033073425292969e+01
2.453074455261230469e+01 -3.593916320800781250e+01 -1.160894107818603516e+01
2.423845863342285156e+01 -2.313916015625000000e+01 -1.098507499694824219e+01
2.739984703063964844e+01 -2.998843955993652344e+01 -1.411058521270751953e+01
3.760287857055664062e+01 -2.949822998046875000e+01 -1.908146858215332031e+01
3.174642372131347656e+01 -3.486715698242187500e+01 -1.899135398864746094e+01
3.895929718017578125e+01 -3.769889068603515625e+01 -7.185470104217529297e+00
2.429054832458496094e+01 -4.168428421020507812e+01 3.439957380294799805e+00
2.426501655578613281e+01 -3.376964187622070312e+01 -2.969980239868164062e+00
2.169672203063964844e+01 -5.179548645019531250e+01 2.298954010009765625e+00
2.590019416809082031e+01 -4.086887359619140625e+01 4.131321430206298828e+00
3.118122863769531250e+01 -4.810210418701171875e+01 -3.576638936996459961e+00
3.230470275878906250e+01 -3.917252731323242188e+01 -6.443948745727539062e+00
4.104719924926757812e+01 -2.812195587158203125e+01 -6.796372532844543457e-01
3.954541778564453125e+01 -2.187542915344238281e+01 -3.497114419937133789e+00
3.985312271118164062e+01 -2.959564018249511719e+01 -3.660785675048828125e+01
3.890262603759765625e+01 -2.280514717102050781e+01 -2.831915855407714844e+01
3.844775390625000000e+01 -1.382888603210449219e+01 -2.537992858886718750e+01
4.051884460449218750e+01 -2.134862709045410156e+01 -2.373206710815429688e+01
4.667390823364257812e+01 -2.082712745666503906e+01 -1.348126888275146484e+01
4.225853347778320312e+01 -1.088552284240722656e+01 -5.459473133087158203e+00
4.936322784423828125e+01 -2.089043998718261719e+01 -1.514377975463867188e+01
4.815696334838867188e+01 -1.360182380676269531e+01 -4.696825504302978516e+00
4.158504867553710938e+01 -1.075430488586425781e+01 -2.748697662353515625e+01
5.018593978881835938e+01 -6.860770702362060547e+00 -1.510941410064697266e+01
4.444115066528320312e+01 -1.220361900329589844e+01 -2.456317901611328125e+01
3.950188064575195312e+01 -1.356718826293945312e+01 -2.045365142822265625e+01
4.689713668823242188e+01 -8.392079353332519531e+00 -1.987808609008789062e+01
3.578426742553710938e+01 -1.372271919250488281e+01 -1.055919170379638672e+01
4.289899826049804688e+01 -2.441234588623046875e+01 -1.101383399963378906e+01
4.483662033081054688e+01 -3.109729957580566406e+01 -3.301288127899169922e+00
4.258321762084960938e+01 -1.938463973999023438e+01 -1.141610908508300781e+01
4.713339614868164062e+01 -2.489259529113769531e+01 -1.006057357788085938e+01
4.062621688842773438e+01 -1.482804203033447266e+01 8.328837156295776367e-01
5.945998764038085938e+01 1.884463548660278320e+00 -7.963733673095703125e+00
4.663448715209960938e+01 2.623554706573486328e+00 -3.191591978073120117e+00
4.498173141479492188e+01 -3.821625471115112305e+00 -7.965191841125488281e+00
-5.885101699829101562e+01 -5.179620265960693359e+00 -1.888005971908569336e+00
-2.706638526916503906e+01 6.226084709167480469e+00 -3.589863967895507812e+01
-3.321674728393554688e+01 -9.586105942726135254e-01 -4.808700561523437500e+01
-2.886863136291503906e+01 1.294264125823974609e+01 -3.960899734497070312e+01
-2.764286994934082031e+01 4.828506946563720703e+00 -3.929881286621093750e+01
-3.177257347106933594e+01 9.775057792663574219e+00 -4.708966064453125000e+01
-1.786978340148925781e+01 1.357642531394958496e+00 -3.757720565795898438e+01
-2.450456809997558594e+01 1.530901145935058594e+01 -3.189909934997558594e+01
-4.446535873413085938e+01 -4.754022359848022461e-01 -2.339741706848144531e+01
-4.159915542602539062e+01 9.665212631225585938e+00 -2.695912742614746094e+01
-2.299100875854492188e+01 4.696361541748046875e+00 -3.453641891479492188e+01
-3.489910888671875000e+01 1.410546302795410156e+01 -3.400999450683593750e+01
-3.459199905395507812e+01 8.120800971984863281e+00 -3.190992927551269531e+01
-3.309115600585937500e+01 8.262850761413574219e+00 -3.039871025085449219e+01
-2.949548721313476562e+01 3.089611434936523438e+01 -3.609571075439453125e+01
-2.760904502868652344e+01 2.570981216430664062e+01 -3.230981445312500000e+01
-3.486088562011718750e+01 2.266159439086914062e+01 -2.886793899536132812e+01
-3.454379653930664062e+01 1.778905868530273438e+01 -3.374814224243164062e+01
-2.549964714050292969e+01 1.014135265350341797e+01 -4.060536193847656250e+01
-2.140653228759765625e+01 1.480118656158447266e+01 -3.947030639648437500e+01
-1.001082038879394531e+01 3.238579750061035156e+00 -5.523033142089843750e+01
-1.441205120086669922e+01 8.272457122802734375e+00 -5.360817337036132812e+01
1.219260334968566895e+00 1.733767890930175781e+01 -4.230646896362304688e+01
-6.525972366333007812e+00 1.961413383483886719e+01 -5.258994674682617188e+01
-1.731446647644042969e+01 1.777126884460449219e+01 -4.085959625244140625e+01
-3.008109092712402344e+01 2.053205680847167969e+01 -3.697200393676757812e+01
-1.078257179260253906e+01 8.906298637390136719e+00 -3.384914398193359375e+01
-1.976576423645019531e+01 2.164698410034179688e+01 -4.051717376708984375e+01
-1.016580295562744141e+01 2.083223915100097656e+01 -3.864408493041992188e+01
-1.348419570922851562e+01 2.211080169677734375e+01 -4.026324462890625000e+01
-2.649219894409179688e+01 2.388053131103515625e+01 -3.337863540649414062e+01
-3.183364868164062500e+01 2.777008247375488281e+01 -3.545706176757812500e+01
-3.599519348144531250e+01 3.095297813415527344e+01 -2.487583160400390625e+01
-2.802075195312500000e+01 3.309754943847656250e+01 -2.889298820495605469e+01
-2.902545738220214844e+01 3.378667449951171875e+01 -1.893779754638671875e+01
-1.468356323242187500e+01 2.664815139770507812e+01 -3.687363815307617188e+01
-9.922940254211425781e+00 2.612891960144042969e+01 -4.089875030517578125e+01
-5.815344810485839844e+00 2.569009971618652344e+01 -4.728612136840820312e+01
-1.060799503326416016e+01 3.181004714965820312e+01 -4.147190856933593750e+01
-1.674009704589843750e+01 2.740080642700195312e+01 -4.041560363769531250e+01
6.378919482231140137e-01 3.148288154602050781e+01 -3.764662551879882812e+01
-2.696471214294433594e+01 2.906092262268066406e+01 -2.981865882873535156e+01
-2.475303840637207031e+01 3.578582382202148438e+01 -2.883175849914550781e+01
-1.277810859680175781e+01 3.297620010375976562e+01 -1.872178268432617188e+01
-2.510556793212890625e+01 4.200156784057617188e+01 -3.099062347412109375e+01
-2.263019561767578125e+00 4.272206497192382812e+01 -4.120839691162109375e+01
-1.030916118621826172e+01 3.438570022583007812e+01 -3.967628860473632812e+01
-5.030492305755615234e+00 3.588328933715820312e+01 -3.851058197021484375e+01
-1.411683177947998047e+01 3.646743392944335938e+01 -3.655073547363281250e+01
-1.122850704193115234e+01 4.141125488281250000e+01 -2.664531707763671875e+01
-1.042854404449462891e+01 4.157799148559570312e+01 -3.819263076782226562e+01
-2.776447534561157227e+00 4.895104217529296875e+01 -2.672927856445312500e+01
-4.714312553405761719e+00 3.941692733764648438e+01 -3.443562316894531250e+01
-5.273703002929687500e+01 1.014491558074951172e+01 -2.064150047302246094e+01
-4.660312271118164062e+01 7.830194473266601562e+00 -1.573909091949462891e+01
-4.597939682006835938e+01 1.838107490539550781e+01 -1.639723968505859375e+01
-1.940333747863769531e+01 1.646750640869140625e+01 -2.111035537719726562e+01
-4.001125717163085938e+01 1.833104705810546875e+01 -1.964577865600585938e+01
-4.510120391845703125e+01 2.241947746276855469e+01 -2.618005752563476562e+01
-4.118412399291992188e+01 1.649516868591308594e+01 -1.535871791839599609e+01
-3.528851699829101562e+01 2.142979049682617188e+01 -1.929119110107421875e+01
-5.415025329589843750e+01 -2.726408720016479492e+00 -7.086576938629150391e+00
-4.554739379882812500e+01 -3.251609325408935547e+00 -1.198933410644531250e+01
-4.497639846801757812e+01 7.048950672149658203e+00 -4.444658756256103516e+00
-4.498525619506835938e+01 1.729053306579589844e+01 -1.612069702148437500e+01
-5.029752731323242188e+01 -1.079572772979736328e+01 -2.919500112533569336e+00
-4.736835861206054688e+01 1.146060848236083984e+01 -2.858928143978118896e-01
-4.808264923095703125e+01 1.926020431518554688e+01 -1.409352779388427734e+01
-4.750839996337890625e+01 1.841007995605468750e+01 -6.509735107421875000e+00
-4.131761550903320312e+01 2.587755775451660156e+01 -5.321492195129394531e+00
-3.692029190063476562e+01 2.272891235351562500e+01 -1.019341659545898438e+01
-4.511560058593750000e+01 7.314188003540039062e+00 -7.483242511749267578e+00
-4.638510513305664062e+01 2.523075866699218750e+01 -1.433679008483886719e+01
-3.778750228881835938e+01 2.555592536926269531e+01 -1.295597743988037109e+01
-3.044603729248046875e+01 2.440454292297363281e+01 -2.141235733032226562e+01
-2.623545265197753906e+01 3.204192733764648438e+01 -2.209827232360839844e+01
-1.803518676757812500e+01 2.874007606506347656e+01 -2.231779861450195312e+01
-2.843567848205566406e+01 3.949340438842773438e+01 -2.840802574157714844e+01
-3.288439178466796875e+01 3.018511390686035156e+01 -2.403026580810546875e+01
-3.574056243896484375e+01 2.351107025146484375e+01 -1.751040267944335938e+01
-4.937758255004882812e+01 2.427270507812500000e+01 4.016115665435791016e+00
-4.108984756469726562e+01 2.208127784729003906e+01 -9.380279541015625000e+00
-5.011150741577148438e+01 3.597410583496093750e+01 3.416714668273925781e+00
-4.133435058593750000e+01 2.628450584411621094e+01 -4.175658702850341797e+00
-3.796192932128906250e+01 2.998904037475585938e+01 -6.553275108337402344e+00
-3.335392761230468750e+01 4.380479049682617188e+01 -5.964302062988281250e+00
-3.941820526123046875e+01 4.046970367431640625e+01 -1.032303905487060547e+01
-3.653538894653320312e+01 3.529672241210937500e+01 -1.445755004882812500e+01
-3.585437011718750000e+01 3.870279312133789062e+01 -6.982468366622924805e-01
-2.821884918212890625e+01 3.507323074340820312e+01 1.615505456924438477e+00
-2.892381286621093750e+01 3.632440948486328125e+01 -1.485940837860107422e+01
-2.141906166076660156e+01 3.222006988525390625e+01 -1.151511859893798828e+01
-2.300051689147949219e+01 3.310652923583984375e+01 -1.824905204772949219e+01
-3.024301338195800781e+01 4.510314941406250000e+01 -1.735040283203125000e+01
-2.786279296875000000e+01 4.249192428588867188e+01 -5.791611194610595703e+00
-2.112778854370117188e+01 4.101461791992187500e+01 -1.758238029479980469e+01
-1.097331333160400391e+01 4.433924484252929688e+01 -1.734266853332519531e+01
-1.518268394470214844e+01 3.933057403564453125e+01 -2.975295829772949219e+01
-1.406707954406738281e+01 4.275983810424804688e+01 -1.684533691406250000e+01
-1.791776084899902344e+01 3.721785736083984375e+01 -1.043787956237792969e+01
-1.269719481468200684e+00 4.511857604980468750e+01 -2.550262069702148438e+01
6.783079147338867188e+00 4.641423797607421875e+01 -1.540842151641845703e+01
-5.623836040496826172e+00 5.505776214599609375e+01 -9.457431793212890625e+00
-1.484958076477050781e+01 4.817892074584960938e+01 -1.498457145690917969e+01
-1.954549217224121094e+01 4.975034713745117188e+01 -1.537259292602539062e+01
-6.841288566589355469e+00 5.194346618652343750e+01 -1.290653896331787109e+01
-1.280712127685546875e+01 4.704288864135742188e+01 -1.975239372253417969e+01
-1.791463851928710938e+01 3.679904174804687500e+01 -8.627366065979003906e+00
-1.930592727661132812e+01 3.735044860839843750e+01 -1.695717048645019531e+01
-2.898974609375000000e+01 4.878681182861328125e+01 -1.349830722808837891e+01
-1.664396286010742188e+01 4.720174407958984375e+01 4.075683116912841797e+00
-1.122531604766845703e+01 4.830067443847656250e+01 -6.432756900787353516e+00
-8.487799644470214844e+00 5.011881637573242188e+01 -4.823163032531738281e+00
-1.808968734741210938e+01 3.384776306152343750e+01 -2.541913032531738281e+00
3.433677673339843750e+00 3.887878799438476562e+01 -1.363001537322998047e+01
-5.575325965881347656e+00 4.538681030273437500e+01 -1.350530624389648438e+01
-1.394621467590332031e+01 4.472553634643554688e+01 1.254838585853576660e+00
-6.349879741668701172e+00 5.043950653076171875e+01 -5.860050678253173828e+00
-1.143435192108154297e+01 4.759518814086914062e+01 -1.433157086372375488e+00
-5.028153896331787109e+00 4.926029205322265625e+01 -1.444458842277526855e+00
9.746516227722167969e+00 -1.027751445770263672e+00 -4.851220321655273438e+01
-1.898121595382690430e+00 -1.447638511657714844e+00 -5.493647384643554688e+01
1.489500808715820312e+01 4.646320819854736328e+00 -4.830708694458007812e+01
9.016981348395347595e-03 1.079864597320556641e+01 -5.528106307983398438e+01
2.270520591735839844e+01 4.110870838165283203e+00 -5.445587539672851562e+01
1.619058418273925781e+01 8.371499061584472656e+00 -5.605859756469726562e+01
1.271958470344543457e+00 4.946152210235595703e+00 -4.580494308471679688e+01
2.469218254089355469e+01 1.300270938873291016e+01 -4.883846664428710938e+01
1.122014236450195312e+01 2.003935432434082031e+01 -4.738158798217773438e+01
8.029366493225097656e+00 1.716808319091796875e+01 -3.891216659545898438e+01
9.792529106140136719e+00 2.181465721130371094e+01 -3.521231460571289062e+01
1.472641181945800781e+01 8.820431709289550781e+00 -5.025205993652343750e+01
1.667359924316406250e+01 1.235933494567871094e+01 -4.443498992919921875e+01
1.857816886901855469e+01 2.349112319946289062e+01 -2.682693862915039062e+01
2.258295059204101562e+01 -3.251858711242675781e+00 -5.161439895629882812e+01
3.012269973754882812e+01 1.069423294067382812e+01 -3.316457748413085938e+01
2.847445106506347656e+01 2.798256874084472656e+01 -3.196487617492675781e+01
2.919582748413085938e+01 -3.747753143310546875e+00 -4.291453933715820312e+01
2.987323570251464844e+01 -5.695817947387695312e+00 -3.386604309082031250e+01
2.799763107299804688e+01 3.252052307128906250e+00 -4.599807357788085938e+01
3.418140792846679688e+01 6.237863063812255859e+00 -4.363872146606445312e+01
4.394262313842773438e+01 -1.666113734245300293e+00 -3.427864074707031250e+01
3.627455520629882812e+01 -4.198265552520751953e+00 -3.747154617309570312e+01
3.361116027832031250e+01 1.837667584419250488e+00 -3.043449401855468750e+01
4.277734756469726562e+01 1.446784305572509766e+01 -3.101870155334472656e+01
4.258071517944335938e+01 3.770318508148193359e+00 -3.610710144042968750e+01
3.761311721801757812e+01 9.655389785766601562e+00 -2.847505950927734375e+01
4.834859085083007812e+01 1.005710983276367188e+01 -2.506006622314453125e+01
4.056885910034179688e+01 1.496378898620605469e+01 -3.434504318237304688e+01
4.380948638916015625e+01 9.399519920349121094e+00 -2.077733421325683594e+01
3.628943252563476562e+01 4.111358642578125000e+00 -3.836493301391601562e+01
4.269926834106445312e+01 5.546409130096435547e+00 -3.718800354003906250e+01
3.589665985107421875e+01 1.483947563171386719e+01 -3.383696746826171875e+01
2.864066314697265625e+01 1.171302795410156250e+01 -3.849806594848632812e+01
3.505110931396484375e+01 2.595830154418945312e+01 -2.765575408935546875e+01
2.918010711669921875e+01 2.117895507812500000e+01 -3.638338088989257812e+01
2.726527976989746094e+01 2.772836112976074219e+01 -2.973120689392089844e+01
-7.523510932922363281e+00 3.474724960327148438e+01 -3.813856887817382812e+01
5.644266605377197266e+00 1.352039718627929688e+01 -3.180887794494628906e+01
1.603734016418457031e+01 2.428153610229492188e+01 -3.712860488891601562e+01
1.363185310363769531e+01 2.070388603210449219e+01 -3.895759963989257812e+01
2.508041954040527344e+01 3.270794296264648438e+01 -4.203047943115234375e+01
1.567208385467529297e+01 2.476864433288574219e+01 -3.665642166137695312e+01
-1.634077668190002441e+00 3.166009902954101562e+01 -3.532568740844726562e+01
2.724030113220214844e+01 2.759674072265625000e+01 -4.082997512817382812e+01
1.787488174438476562e+01 3.343346786499023438e+01 -3.292330551147460938e+01
1.248101902008056641e+01 3.982256317138671875e+01 -2.513120079040527344e+01
1.418382740020751953e+01 2.791962623596191406e+01 -2.895378303527832031e+01
3.001063346862792969e+01 3.809722518920898438e+01 -3.088241386413574219e+01
5.783754825592041016e+00 4.671527862548828125e+01 -2.542517089843750000e+01
7.400336742401123047e+00 4.182262802124023438e+01 -3.696293258666992188e+01
1.497737407684326172e+01 4.701614761352539062e+01 -3.680714035034179688e+01
1.932964134216308594e+01 3.036573791503906250e+01 -3.658964538574218750e+01
2.428923225402832031e+01 1.930723953247070312e+01 -3.467799377441406250e+01
2.766706466674804688e+01 2.483974456787109375e+01 -2.842506599426269531e+01
3.096606063842773438e+01 3.015799331665039062e+01 -3.277816390991210938e+01
3.912778854370117188e+01 1.562473869323730469e+01 -2.653339385986328125e+01
4.293615341186523438e+01 9.616507530212402344e+00 -1.841952705383300781e+01
4.412789154052734375e+01 5.552206993103027344e+00 -9.478131294250488281e+00
3.492456817626953125e+01 -7.831182003021240234e+00 -2.297379112243652344e+01
4.329840850830078125e+01 1.745380401611328125e+01 -1.607122993469238281e+01
3.942068481445312500e+01 5.236108779907226562e+00 -2.285658836364746094e+01
4.168051528930664062e+01 2.096499824523925781e+01 -1.739372634887695312e+01
4.411167144775390625e+01 1.439375972747802734e+01 -2.015794944763183594e+01
3.647209167480468750e+01 1.980706977844238281e+01 -2.403717803955078125e+01
4.167371368408203125e+01 1.455402660369873047e+01 -1.859834098815917969e+01
3.964679718017578125e+01 2.205629539489746094e+01 -9.213795661926269531e+00
3.515497207641601562e+01 1.704976081848144531e+01 -8.137829780578613281e+00
5.231647872924804688e+01 1.169573211669921875e+01 -1.376257228851318359e+01
3.857090759277343750e+01 3.582429885864257812e+00 -6.358602523803710938e+00
3.756054306030273438e+01 2.569809722900390625e+01 -4.749091148376464844e+00
4.242425155639648438e+01 1.762094497680664062e+01 -4.923941135406494141e+00
4.856697463989257812e+01 1.279349708557128906e+01 -3.963299512863159180e+00
4.748663330078125000e+01 2.613737678527832031e+01 -2.967306137084960938e+00
4.571816253662109375e+01 1.819212913513183594e+01 -8.276051521301269531e+00
4.056454849243164062e+01 2.822416496276855469e+01 -4.196979522705078125e+00
3.828186798095703125e+01 2.256135368347167969e+01 -6.851716995239257812e+00
9.996638298034667969e+00 4.183993911743164062e+01 -2.603845977783203125e+01
1.183296585083007812e+01 4.823180389404296875e+01 -2.454536437988281250e+01
1.540346240997314453e+01 4.118527984619140625e+01 -2.224867820739746094e+01
2.299236106872558594e+01 4.160490798950195312e+01 -2.305633926391601562e+01
1.445830154418945312e+01 4.305414962768554688e+01 -2.376897239685058594e+01
2.248148155212402344e+01 4.651475906372070312e+01 -2.016222953796386719e+01
2.035203170776367188e+01 4.635736465454101562e+01 -1.485114574432373047e+01
4.045401573181152344e+00 5.808813095092773438e+01 -1.058440017700195312e+01
1.581020832061767578e+01 4.475633621215820312e+01 -6.416363239288330078e+00
1.892457962036132812e+01 3.977136611938476562e+01 -1.253811359405517578e+01
1.479541110992431641e+01 4.212734222412109375e+01 -1.772916412353515625e+01
1.867410278320312500e+01 4.113880920410156250e+01 -1.050241088867187500e+01
2.112500953674316406e+01 4.537195587158203125e+01 -4.233271598815917969e+00
2.078513908386230469e+01 4.349649047851562500e+01 -8.904423713684082031e+00
3.809642410278320312e+01 2.320676994323730469e+01 -1.807522201538085938e+01
2.549563407897949219e+01 3.143868064880371094e+01 -2.772229766845703125e+01
4.731573867797851562e+01 2.982054138183593750e+01 -1.359654521942138672e+01
3.316106796264648438e+01 3.253809356689453125e+01 -1.780576705932617188e+01
3.754112625122070312e+01 3.406642532348632812e+01 -1.833221435546875000e+01
3.492308044433593750e+01 4.018611526489257812e+01 -1.819348335266113281e+01
2.970265197753906250e+01 3.898261642456054688e+01 -1.446657562255859375e+01
2.326609039306640625e+01 4.696052169799804688e+01 -1.896653747558593750e+01
3.281593322753906250e+01 3.383601760864257812e+01 -7.383713245391845703e+00
3.405482864379882812e+01 3.533876419067382812e+01 -1.827920150756835938e+01
3.800260162353515625e+01 3.177860069274902344e+01 2.449693202972412109e+00
3.457923889160156250e+01 2.683049583435058594e+01 -6.428987503051757812e+00
2.419508934020996094e+01 3.704533767700195312e+01 7.216087579727172852e-01
-1.335834026336669922e+01 -4.918303680419921875e+01 1.333925533294677734e+01
-3.770912933349609375e+01 -2.893464088439941406e+01 -6.882624149322509766e+00
-2.974904632568359375e+01 -3.785452270507812500e+01 -3.473391056060791016e+00
-3.796393203735351562e+01 -3.892586898803710938e+01 3.139942169189453125e+00
-2.894468879699707031e+01 -3.100317764282226562e+01 4.274306774139404297e+00
-3.981941604614257812e+01 -3.393632125854492188e+01 5.021601676940917969e+00
-3.628574371337890625e+01 -3.347396469116210938e+01 5.714922428131103516e+00
-4.060566329956054688e+01 -3.112688064575195312e+01 2.311093807220458984e+00
-2.401946067810058594e+01 -4.115689468383789062e+01 1.036692333221435547e+01
-3.886408996582031250e+01 -3.288586425781250000e+01 1.939592361450195312e+01
-2.532479095458984375e+01 -3.357593154907226562e+01 5.534316062927246094e+00
-3.236533355712890625e+01 -3.378381347656250000e+01 1.372209739685058594e+01
-3.054749870300292969e+01 -4.916630554199218750e+01 2.106411552429199219e+01
-4.513653945922851562e+01 -3.687073898315429688e+01 9.139452934265136719e+00
-3.516894149780273438e+01 -3.574536895751953125e+01 1.553055286407470703e+01
-3.147211074829101562e+01 -3.079017257690429688e+01 1.839102172851562500e+01
-1.585369586944580078e+01 -3.287957000732421875e+01 2.873514747619628906e+01
-2.696635437011718750e+01 -3.661367797851562500e+01 2.215027809143066406e+01
-3.534700012207031250e+01 -2.733169364929199219e+01 3.025980758666992188e+01
-2.595036506652832031e+01 -4.088934707641601562e+01 -4.488697052001953125e-01
-5.556197643280029297e+00 -4.612628555297851562e+01 1.079332828521728516e+01
-2.484318733215332031e+01 -5.327036666870117188e+01 9.528003692626953125e+00
-5.109679698944091797e+00 -5.493824768066406250e+01 5.261571884155273438e+00
-8.402151107788085938e+00 -4.970534896850585938e+01 2.537158012390136719e+00
-6.200892448425292969e+00 -4.612714767456054688e+01 7.541604518890380859e+00
-8.539047241210937500e+00 -4.100441360473632812e+01 1.179224300384521484e+01
-1.268444252014160156e+01 -5.481409454345703125e+01 1.305579662322998047e+01
-6.899404048919677734e+00 -3.696074676513671875e+01 2.341188240051269531e+01
-2.222923851013183594e+01 -4.580196762084960938e+01 2.530695724487304688e+01
-6.079258918762207031e+00 -5.225921630859375000e+01 1.203123188018798828e+01
-7.741935253143310547e+00 -4.844010162353515625e+01 2.960855293273925781e+01
-4.810638046264648438e+01 -1.915801811218261719e+01 9.589650034904479980e-01
-4.492394638061523438e+01 -1.639173889160156250e+01 -5.915588855743408203e+00
-4.598101043701171875e+01 -2.040201759338378906e+01 6.540483474731445312e+00
-4.242824172973632812e+01 -2.177833366394042969e+01 5.627824306488037109e+00
-3.394722366333007812e+01 -1.883434486389160156e+01 3.989008188247680664e+00
-4.513200759887695312e+01 -1.019033145904541016e+01 -2.135869413614273071e-01
-4.808201980590820312e+01 -1.623570823669433594e+01 5.322839736938476562e+00
-5.179737091064453125e+01 -7.468774318695068359e+00 2.306069374084472656e+00
-5.764505004882812500e+01 -8.008334159851074219e+00 3.372881174087524414e+00
-5.407674407958984375e+01 5.981634140014648438e+00 1.943547439575195312e+01
-4.784242248535156250e+01 5.015558719635009766e+00 3.790958404541015625e+00
-4.993368148803710938e+01 -2.693922758102416992e+00 1.029582691192626953e+01
-4.278343200683593750e+01 -2.809197044372558594e+01 1.421023559570312500e+01
-4.261949539184570312e+01 -2.529882812500000000e+01 9.717584609985351562e+00
-4.470734405517578125e+01 -1.834046554565429688e+01 7.085244178771972656e+00
-3.640829086303710938e+01 -2.306252670288085938e+01 1.645585823059082031e+01
-4.557213592529296875e+01 -1.633796310424804688e+01 1.629736900329589844e+01
-4.431241226196289062e+01 -1.484351634979248047e+01 2.195944976806640625e+01
-3.992240905761718750e+01 -1.679603004455566406e+01 7.252768039703369141e+00
-5.096959304809570312e+01 -1.926657867431640625e+01 2.267239952087402344e+01
-3.964024734497070312e+01 -9.319522857666015625e+00 1.866423034667968750e+01
-4.820023345947265625e+01 2.370924949645996094e+00 1.300719547271728516e+01
-4.335741806030273438e+01 4.323310852050781250e+00 1.857597160339355469e+01
-5.029940414428710938e+01 -1.347416114807128906e+01 1.847993659973144531e+01
-3.162240791320800781e+01 5.253510475158691406e+00 2.525215911865234375e+01
-1.604903793334960938e+01 -2.232376670837402344e+01 3.401535415649414062e+01
-2.619359588623046875e+01 -2.372292518615722656e+01 2.209883499145507812e+01
-2.926535606384277344e+01 -3.161571884155273438e+01 2.734465980529785156e+01
-3.281812286376953125e+01 -3.160471916198730469e+01 3.115667343139648438e+01
-3.013599967956542969e+01 -2.683035469055175781e+01 2.947216606140136719e+01
-9.276493072509765625e+00 -4.684899902343750000e+01 3.166686248779296875e+01
2.033188104629516602e+00 -3.991556930541992188e+01 2.627414512634277344e+01
-2.331390953063964844e+01 -5.030587005615234375e+01 2.694378852844238281e+01
-1.477033710479736328e+01 -3.593076705932617188e+01 2.702145385742187500e+01
-2.574154663085937500e+01 -2.243303680419921875e+01 2.995579338073730469e+01
-1.351372623443603516e+01 -3.258615493774414062e+01 3.462298583984375000e+01
-1.537093520164489746e+00 -3.829228973388671875e+01 4.441274642944335938e+01
-1.630668449401855469e+01 -4.403500747680664062e+01 3.345061492919921875e+01
-7.684413909912109375e+00 -3.375881576538085938e+01 3.524688339233398438e+01
9.601722717285156250e+00 -2.861158561706542969e+01 3.502960205078125000e+01
-4.442332744598388672e+00 -3.325485992431640625e+01 3.681957626342773438e+01
2.447939157485961914e+00 -2.567987442016601562e+01 3.134570312500000000e+01
-1.821176338195800781e+01 -2.653023338317871094e+01 3.900067520141601562e+01
-6.904148101806640625e+00 -2.095992088317871094e+01 4.649334335327148438e+01
-2.930222988128662109e+00 -2.185595512390136719e+01 3.957072448730468750e+01
-3.789074707031250000e+01 -2.662504386901855469e+01 2.512118339538574219e+01
-3.565177154541015625e+01 -2.266035270690917969e+01 2.558037757873535156e+01
-2.580813407897949219e+01 -1.193046379089355469e+01 3.040043067932128906e+01
-3.442601013183593750e+01 -1.831246185302734375e+01 2.246345329284667969e+01
-3.738726806640625000e+01 -2.395707130432128906e+01 4.417647552490234375e+01
-3.859903335571289062e+01 -1.722823905944824219e+01 2.804236984252929688e+01
-4.124157333374023438e+01 -1.521634197235107422e+01 2.596823501586914062e+01
-4.545077896118164062e+01 -9.140442848205566406e+00 3.096463775634765625e+01
-4.293293380737304688e+01 -7.893862247467041016e+00 3.790476989746093750e+01
-4.646565246582031250e+01 8.572277069091796875e+00 3.366142654418945312e+01
-4.375355148315429688e+01 -5.288318634033203125e+00 2.911723136901855469e+01
-3.592819595336914062e+01 3.812908649444580078e+00 3.333528137207031250e+01
-3.567993164062500000e+01 -4.964755177497863770e-01 4.423907852172851562e+01
-3.044906425476074219e+01 -4.762495994567871094e+00 4.255027008056640625e+01
-3.808730316162109375e+01 -1.163997459411621094e+01 3.368675994873046875e+01
-3.171014213562011719e+01 5.631989955902099609e+00 3.143195152282714844e+01
-2.208448600769042969e+01 -2.227471733093261719e+01 4.610517883300781250e+01
-2.089871788024902344e+01 -1.621342277526855469e+01 3.841232299804687500e+01
-1.480222034454345703e+01 -9.933997154235839844e+00 4.156855392456054688e+01
-1.095009613037109375e+01 -1.856239700317382812e+01 5.563931655883789062e+01
-1.513990020751953125e+01 -7.100601673126220703e+00 3.773694610595703125e+01
-7.985057353973388672e+00 -1.225072288513183594e+01 5.424252319335937500e+01
-4.610065937042236328e+00 -1.648886489868164062e+01 3.917478942871093750e+01
-1.020680546760559082e+00 -1.145958042144775391e+01 4.161313247680664062e+01
-8.908333778381347656e+00 -2.399942874908447266e+00 4.572796630859375000e+01
-2.080058479309082031e+01 -1.456033611297607422e+01 4.908118820190429688e+01
-2.725787925720214844e+01 -9.646374702453613281e+00 4.794525909423828125e+01
-1.615617179870605469e+01 -1.211685276031494141e+01 5.179067230224609375e+01
-1.332906150817871094e+01 6.801950335502624512e-01 4.403010177612304688e+01
-2.402852821350097656e+01 -6.054911136627197266e+00 4.456906890869140625e+01
-2.496250915527343750e+01 2.893296003341674805e+00 4.844740295410156250e+01
-1.628515243530273438e+01 -6.893898010253906250e+00 4.401351928710937500e+01
-2.749755144119262695e+00 -1.056310749053955078e+01 4.874011993408203125e+01
-1.130050373077392578e+01 -8.164992928504943848e-01 4.330265426635742188e+01
-1.518029272556304932e-01 2.461436271667480469e+00 4.425033950805664062e+01
-1.036836862564086914e+00 -4.920384216308593750e+01 1.360422897338867188e+01
-5.915202617645263672e+00 -5.067443466186523438e+01 1.120506858825683594e+01
2.391723632812500000e+00 -4.934225845336914062e+01 2.579032182693481445e-01
2.437727689743041992e+00 -3.650846099853515625e+01 9.177967071533203125e+00
1.829928016662597656e+01 -4.516072463989257812e+01 -2.942528247833251953e+00
1.355297279357910156e+01 -5.373228073120117188e+01 3.806842803955078125e+00
2.688494682312011719e+01 -4.143734359741210938e+01 5.505657196044921875e+00
1.105781650543212891e+01 -3.905548477172851562e+01 1.372364711761474609e+01
2.815726852416992188e+01 -4.378389358520507812e+01 1.482818031311035156e+01
2.362458038330078125e+01 -4.122902297973632812e+01 3.400101661682128906e+00
1.941113662719726562e+01 -4.427445220947265625e+01 7.822209358215332031e+00
4.389536380767822266e+00 -4.893577957153320312e+01 1.617932891845703125e+01
5.764873981475830078e+00 -4.817909240722656250e+01 2.569953536987304688e+01
1.267253112792968750e+01 -5.311204528808593750e+01 2.575212478637695312e+01
5.927769839763641357e-02 -5.328301620483398438e+01 9.383177757263183594e+00
2.484582215547561646e-01 -3.680587005615234375e+01 2.104871177673339844e+01
2.106313705444335938e-01 -4.544597625732421875e+01 1.798040962219238281e+01
1.815225601196289062e+01 -3.809754180908203125e+01 2.285111808776855469e+01
2.613735771179199219e+01 -4.459952163696289062e+01 1.859007263183593750e+01
1.974123954772949219e+01 -3.226271057128906250e+01 2.375255584716796875e+01
2.629594421386718750e+01 -3.819692611694335938e+01 1.456304931640625000e+01
1.528217983245849609e+01 -4.603604125976562500e+01 2.435054588317871094e+01
2.336174201965332031e+01 -3.958557891845703125e+01 2.596927452087402344e+01
2.926104545593261719e+01 -4.290268325805664062e+01 2.225018692016601562e+01
2.747555160522460938e+01 -4.160171127319335938e+01 1.902585029602050781e+01
3.172686386108398438e+01 -4.136311340332031250e+01 9.109874725341796875e+00
3.246347427368164062e+01 -3.227312469482421875e+01 -3.209884881973266602e+00
2.725175666809082031e+01 -4.629391479492187500e+01 5.474578857421875000e+00
2.180493927001953125e+01 -3.959904861450195312e+01 6.383763313293457031e+00
2.676117515563964844e+01 -3.991353988647460938e+01 1.799881935119628906e+01
3.132622337341308594e+01 -4.276072692871093750e+01 1.180436897277832031e+01
3.442089080810546875e+01 -3.866566467285156250e+01 1.466476154327392578e+01
3.805373001098632812e+01 -4.184957504272460938e+01 2.282622337341308594e+01
4.003071212768554688e+01 -3.744003677368164062e+01 8.850629806518554688e+00
3.757665252685546875e+01 -3.128146743774414062e+01 1.012633514404296875e+01
2.792140579223632812e+01 -3.779395675659179688e+01 1.164675140380859375e+01
3.257030487060546875e+01 -2.940296936035156250e+01 1.142334938049316406e+00
2.805493927001953125e+01 -3.546295166015625000e+01 1.571954536437988281e+01
2.502260398864746094e+01 -3.709342956542968750e+01 2.075854301452636719e+01
2.748416328430175781e+01 -3.347351455688476562e+01 1.943425178527832031e+01
2.557509613037109375e+01 -3.677938079833984375e+01 2.252887916564941406e+01
4.137176895141601562e+01 -4.005342864990234375e+01 2.591101646423339844e+01
3.437718582153320312e+01 -4.442882156372070312e+01 2.965609741210937500e+01
3.578649902343750000e+01 -2.679781913757324219e+01 1.705325508117675781e+01
3.925908660888671875e+01 -2.423656082153320312e+01 1.598565387725830078e+01
3.619706344604492188e+01 -2.608346939086914062e+01 2.909405899047851562e+01
5.037700653076171875e+01 -2.206604766845703125e+01 6.552973389625549316e-02
3.414360809326171875e+01 -2.323806190490722656e+01 -4.235723972320556641e+00
4.983966445922851562e+01 -1.707702255249023438e+01 3.926061987876892090e-01
4.575079345703125000e+01 -1.329804992675781250e+01 8.181674957275390625e+00
4.533487701416015625e+01 -1.454577159881591797e+01 8.286112785339355469e+00
4.370112991333007812e+01 -2.346292495727539062e+01 8.327595710754394531e+00
4.164028549194335938e+01 -2.512206649780273438e+01 1.120150470733642578e+01
4.622207641601562500e+01 -9.351133346557617188e+00 1.360414695739746094e+01
4.351189804077148438e+01 -1.354891681671142578e+01 7.475853919982910156e+00
5.498220443725585938e+01 -1.365249538421630859e+01 1.173838138580322266e+00
5.488541030883789062e+01 -1.718023657798767090e+00 9.469328880310058594e+00
4.766821289062500000e+01 -1.862236142158508301e+00 1.341146373748779297e+01
5.562834548950195312e+01 -2.130637359619140625e+01 1.669201278686523438e+01
3.410396575927734375e+01 -2.395303916931152344e+01 1.701998519897460938e+01
3.040669441223144531e+01 -1.909718704223632812e+01 2.559517669677734375e+01
4.189445114135742188e+01 -1.676410102844238281e+01 1.902452468872070312e+01
2.494548797607421875e+00 -4.772770309448242188e+01 2.488215255737304688e+01
6.984695792198181152e-01 -4.200510025024414062e+01 3.416228866577148438e+01
3.869154214859008789e+00 -4.073558807373046875e+01 3.048553848266601562e+01
2.549615859985351562e+00 -5.238280487060546875e+01 3.418591690063476562e+01
8.610709190368652344e+00 -4.201781845092773438e+01 3.524319458007812500e+01
5.529627799987792969e-01 -3.446816253662109375e+01 3.554552841186523438e+01
1.576704311370849609e+01 -3.476921463012695312e+01 3.044290733337402344e+01
8.078234672546386719e+00 -3.701794815063476562e+01 3.349401092529296875e+01
8.236446976661682129e-01 -4.027065277099609375e+01 3.216621780395507812e+01
1.376515197753906250e+01 -3.859751510620117188e+01 4.058071899414062500e+01
1.714206314086914062e+01 -4.155361175537109375e+01 2.564289283752441406e+01
2.436157226562500000e+01 -3.494180297851562500e+01 3.296973800659179688e+01
2.013346481323242188e+01 -3.925824737548828125e+01 2.385369300842285156e+01
1.766493797302246094e+01 -2.270985412597656250e+01 4.350541687011718750e+01
9.731231689453125000e+00 -2.882212448120117188e+01 3.780397033691406250e+01
3.720088481903076172e+00 -3.217934036254882812e+01 4.043149566650390625e+01
9.296919822692871094e+00 -3.261495590209960938e+01 3.220520401000976562e+01
1.613337039947509766e+00 -4.089522552490234375e+01 3.188402366638183594e+01
-2.842395782470703125e+00 -2.122092437744140625e+01 4.143710708618164062e+01
8.863378524780273438e+00 -3.127465248107910156e+01 4.828987884521484375e+01
1.208640575408935547e+01 -3.047737121582031250e+01 3.880894851684570312e+01
1.743438339233398438e+01 -3.541582870483398438e+01 4.225291061401367188e+01
2.535628509521484375e+01 -2.848581504821777344e+01 2.814937019348144531e+01
2.975214195251464844e+01 -2.096997070312500000e+01 4.903849029541015625e+01
2.715803527832031250e+01 -2.772491645812988281e+01 3.660609436035156250e+01
-3.380653381347656250e+00 -2.773280334472656250e+01 4.327370834350585938e+01
1.452397155761718750e+01 -2.334929275512695312e+01 5.066923141479492188e+01
5.207161903381347656e+00 -2.766663742065429688e+01 4.304251861572265625e+01
1.281685256958007812e+01 -9.780759811401367188e+00 3.688752746582031250e+01
7.877559185028076172e+00 -1.413656330108642578e+01 4.655183029174804688e+01
1.164236927032470703e+01 -2.278468704223632812e+01 4.547450637817382812e+01
1.956975746154785156e+01 -1.486491107940673828e+01 4.177669906616210938e+01
1.113990306854248047e+01 -1.418058872222900391e+01 4.467493438720703125e+01
-4.737670123577117920e-01 -2.443541765213012695e+00 4.793638229370117188e+01
1.400315952301025391e+01 -1.467213058471679688e+01 4.534675598144531250e+01
2.232030868530273438e+01 -5.457068920135498047e+00 5.053013229370117188e+01
2.261591720581054688e+01 -8.090443611145019531e+00 3.359978103637695312e+01
1.976644706726074219e+01 -9.471786499023437500e+00 3.717808151245117188e+01
3.227035903930664062e+01 -6.511439800262451172e+00 4.170522308349609375e+01
1.622832298278808594e+01 -1.167336177825927734e+01 4.369010162353515625e+01
7.423094272613525391e+00 -1.585795021057128906e+01 4.161185836791992188e+01
1.298237323760986328e+01 -9.774551391601562500e+00 4.340100860595703125e+01
9.600531578063964844e+00 -4.295526981353759766e+00 4.412829589843750000e+01
4.122925567626953125e+01 -1.064655685424804688e+01 3.611746597290039062e+01
3.734762573242187500e+01 -1.557557010650634766e+01 3.651050186157226562e+01
2.569711875915527344e+01 -1.972990226745605469e+01 3.142646598815917969e+01
2.785474014282226562e+01 -2.497554779052734375e+01 2.847298812866210938e+01
4.977493667602539062e+01 -1.333859348297119141e+01 2.599517250061035156e+01
3.892490386962890625e+01 -1.337876510620117188e+01 3.399045944213867188e+01
2.839799118041992188e+01 -5.151362419128417969e+00 3.524043655395507812e+01
3.808917617797851562e+01 -1.332679843902587891e+01 3.740351867675781250e+01
3.167515754699707031e+01 3.946071863174438477e-01 3.037693977355957031e+01
3.095338439941406250e+01 -1.145391845703125000e+01 2.571854019165039062e+01
3.885475921630859375e+01 -9.513992309570312500e+00 3.434626007080078125e+01
4.074750518798828125e+01 -5.315120697021484375e+00 3.831954574584960938e+01
4.002466964721679688e+01 4.517775535583496094e+00 2.987008476257324219e+01
3.669609832763671875e+01 -1.806813001632690430e+00 3.455606842041015625e+01
2.305806159973144531e+01 -1.392289638519287109e+01 3.068424606323242188e+01
3.404884719848632812e+01 -5.611681938171386719e+00 4.020609664916992188e+01
2.626861763000488281e+01 -1.057995796203613281e+00 3.125774765014648438e+01
-4.795531463623046875e+01 1.487254714965820312e+01 1.054257965087890625e+01
-4.953711318969726562e+01 2.962047815322875977e+00 1.384604454040527344e+01
-5.865846633911132812e+01 4.201653480529785156e+00 1.486678314208984375e+01
-4.666590499877929688e+01 6.490138530731201172e+00 8.138279914855957031e+00
-5.396818161010742188e+01 8.007544517517089844e+00 7.064121246337890625e+00
-4.294763183593750000e+01 1.840507316589355469e+01 5.675640583038330078e+00
-4.453361511230468750e+01 2.755378150939941406e+01 1.247305488586425781e+01
-3.848764801025390625e+01 1.618276596069335938e+01 8.708709716796875000e+00
-4.084906768798828125e+01 1.085811233520507812e+01 1.109157848358154297e+01
-4.825218200683593750e+01 -3.809523820877075195e+00 1.669879150390625000e+01
-4.961517715454101562e+01 1.252847480773925781e+01 1.457076072692871094e+01
-4.062078475952148438e+01 5.591159343719482422e+00 2.089249229431152344e+01
-5.527438354492187500e+01 1.030150604248046875e+01 2.290253639221191406e+01
-5.264804077148437500e+01 2.012886428833007812e+01 1.029758453369140625e+01
-3.926340866088867188e+01 1.701926040649414062e+01 1.874392509460449219e+01
-4.197418975830078125e+01 9.075337409973144531e+00 7.378293037414550781e+00
-3.787873840332031250e+01 2.249413299560546875e+01 1.950713348388671875e+01
-3.695154190063476562e+01 2.410217285156250000e+01 1.592281913757324219e+01
-4.268357849121093750e+01 1.289449882507324219e+01 2.234920120239257812e+01
-4.910864257812500000e+01 2.308434104919433594e+01 1.958784675598144531e+01
-3.683819198608398438e+01 1.650891304016113281e+01 1.964028167724609375e+01
-4.451721954345703125e+01 1.721415710449218750e+01 2.308006668090820312e+01
-3.640231704711914062e+01 2.453146743774414062e+01 3.670669317245483398e+00
-4.036710357666015625e+01 3.631129455566406250e+01 1.459140062332153320e+00
-3.106364250183105469e+01 3.302192687988281250e+01 1.865547561645507812e+01
-2.927101707458496094e+01 3.385927963256835938e+01 7.966466426849365234e+00
-2.863766479492187500e+01 4.088787078857421875e+01 5.145797252655029297e+00
-2.462247085571289062e+01 4.785773468017578125e+01 1.698275059461593628e-01
-1.891743850708007812e+01 4.561830902099609375e+01 1.482916355133056641e+01
-4.236403656005859375e+01 1.991769790649414062e+01 1.667840003967285156e+01
-4.564433670043945312e+01 2.969107246398925781e+01 1.451701164245605469e+01
-3.170503616333007812e+01 2.778093528747558594e+01 2.190229034423828125e+01
-4.455471801757812500e+01 3.243452072143554688e+01 1.899321937561035156e+01
-3.059359169006347656e+01 3.168597602844238281e+01 1.915962219238281250e+01
-3.133187484741210938e+01 2.480999183654785156e+01 2.111169433593750000e+01
-2.462007713317871094e+01 3.418042373657226562e+01 3.017416572570800781e+01
-2.377661895751953125e+01 3.732262039184570312e+01 2.370743942260742188e+01
-1.707541465759277344e+01 4.203693771362304688e+01 1.344987630844116211e+00
-8.215767860412597656e+00 4.808316421508789062e+01 9.521391868591308594e+00
-2.110498809814453125e+01 5.226903533935546875e+01 1.573547244071960449e+00
-7.271540641784667969e+00 4.595535659790039062e+01 -6.900016307830810547e+00
-3.094509315490722656e+01 3.646514511108398438e+01 -5.570070266723632812e+00
-1.953076362609863281e+01 3.822945404052734375e+01 6.064225673675537109e+00
-1.290967369079589844e+01 5.377891921997070312e+01 1.174298858642578125e+01
-4.778985023498535156e+00 4.308115005493164062e+01 -4.100216388702392578e+00
-4.348232269287109375e+00 3.594065093994140625e+01 1.593675374984741211e+00
-1.088500595092773438e+01 4.363477325439453125e+01 -8.243257403373718262e-01
-1.072861313819885254e+00 5.058283996582031250e+01 8.998528718948364258e-01
-8.481303215026855469e+00 5.488462448120117188e+01 -2.379219532012939453e+00
2.276304244995117188e+00 4.910068511962890625e+01 -3.291411876678466797e+00
-2.934554517269134521e-01 4.998279571533203125e+01 4.232584476470947266e+00
-3.188035726547241211e+00 4.070967864990234375e+01 1.430913162231445312e+01
-2.429960632324218750e+01 4.833470535278320312e+01 2.754192352294921875e+01
-1.753795814514160156e+01 5.142142486572265625e+01 1.328838825225830078e+01
-1.306222438812255859e+01 4.672108459472656250e+01 1.249245357513427734e+01
-1.542864799499511719e+01 4.416191864013671875e+01 1.657953643798828125e+01
-2.276507568359375000e+01 3.779505157470703125e+01 1.925450515747070312e+01
-5.254772663116455078e+00 4.594412612915039062e+01 2.203389549255371094e+01
-1.307473468780517578e+01 4.281371688842773438e+01 1.607749938964843750e+01
-3.828331232070922852e-01 5.488252258300781250e+01 1.639598464965820312e+01
-6.843524932861328125e+00 4.903164672851562500e+01 1.893685531616210938e+01
-1.280113577842712402e+00 4.008211898803710938e+01 2.648379898071289062e+01
-6.206651210784912109e+00 4.897612380981445312e+01 2.024995994567871094e+01
-3.336240530014038086e+00 4.005934143066406250e+01 1.651752853393554688e+01
-1.080149364471435547e+01 3.817709732055664062e+01 1.357716464996337891e+01
-9.143210411071777344e+00 5.849916839599609375e+01 2.549736404418945312e+01
-1.510258793830871582e+00 4.541476440429687500e+01 2.337846183776855469e+01
-3.751184844970703125e+01 4.834598541259765625e+00 2.934340476989746094e+01
-2.958933258056640625e+01 3.296982049942016602e-01 3.594063186645507812e+01
-4.174391937255859375e+01 2.974399328231811523e+00 3.820939254760742188e+01
-3.673882675170898438e+01 7.349126815795898438e+00 3.439868164062500000e+01
-3.177874755859375000e+01 1.130174064636230469e+01 2.464466476440429688e+01
-3.603702926635742188e+01 6.824389457702636719e+00 3.403627777099609375e+01
-3.462178421020507812e+01 1.372869586944580078e+01 3.410457229614257812e+01
-4.348348999023437500e+01 1.119905376434326172e+01 2.728317070007324219e+01
-3.485509872436523438e+01 1.617059135437011719e+01 2.366991043090820312e+01
-4.307401657104492188e+01 2.848243141174316406e+01 2.177678680419921875e+01
-2.684705352783203125e+01 2.648708152770996094e+01 3.118669509887695312e+01
-3.639767837524414062e+01 1.187444877624511719e+01 3.697341156005859375e+01
-3.059031867980957031e+01 1.142018985748291016e+01 3.870242309570312500e+01
-3.483683776855468750e+01 3.138336181640625000e+01 2.553899002075195312e+01
-2.578683280944824219e+01 1.032103633880615234e+01 2.990594482421875000e+01
-3.912321472167968750e+01 7.206624031066894531e+00 3.671790313720703125e+01
-2.474605941772460938e+01 -1.384712219238281250e+00 5.182506942749023438e+01
-3.889905214309692383e-01 1.074283790588378906e+01 5.652371978759765625e+01
-4.580724716186523438e+00 7.666246414184570312e+00 4.568354415893554688e+01
-3.907068014144897461e+00 3.436578273773193359e+00 5.050929641723632812e+01
-3.207415390014648438e+01 1.629617500305175781e+01 3.434291458129882812e+01
-6.557189941406250000e+00 2.714030838012695312e+01 3.809891128540039062e+01
-2.779689025878906250e+01 3.491490936279296875e+01 2.233435821533203125e+01
-2.270832061767578125e+01 2.839929580688476562e+01 3.971666336059570312e+01
-1.487548255920410156e+01 3.157028007507324219e+01 3.230758285522460938e+01
-5.210579395294189453e+00 4.028861236572265625e+01 3.642597198486328125e+01
-2.944996595382690430e+00 3.998577117919921875e+01 2.364703559875488281e+01
8.038849830627441406e-01 3.218129730224609375e+01 4.419545745849609375e+01
-3.655226707458496094e+00 3.471482086181640625e+01 2.650502204895019531e+01
-4.161782264709472656e+00 2.461186218261718750e+01 4.529301834106445312e+01
-1.510299324989318848e+00 2.858326530456542969e+01 4.199396133422851562e+01
5.769024848937988281e+00 2.759175109863281250e+01 5.434988784790039062e+01
8.077025413513183594e-01 5.666604614257812500e+01 4.108750820159912109e+00
3.276749372482299805e+00 1.753187656402587891e+00 4.875665283203125000e+01
5.096199035644531250e+01 3.160919904708862305e+00 -5.865727901458740234e+00
4.724832534790039062e+01 -4.955160140991210938e+00 9.493644714355468750e+00
5.118530273437500000e+01 -5.901038646697998047e-01 3.315208435058593750e+00
4.064953613281250000e+01 2.914835929870605469e+00 9.251547813415527344e+00
5.108152008056640625e+01 8.320093154907226562e+00 1.127385711669921875e+01
4.711386871337890625e+01 1.606866455078125000e+01 -2.495856761932373047e+00
4.465062332153320312e+01 1.822867584228515625e+01 6.611240386962890625e+00
3.936952972412109375e+01 2.653682518005371094e+01 -4.103773117065429688e+00
3.793634033203125000e+01 2.908833694458007812e+01 -3.337019920349121094e+00
4.833068084716796875e+01 2.052237129211425781e+01 1.420574474334716797e+01
4.371224212646484375e+01 1.592321777343750000e+01 1.709776687622070312e+01
4.676599121093750000e+01 5.059572219848632812e+00 1.962126159667968750e+01
5.156501770019531250e+01 2.085984420776367188e+01 2.229831314086914062e+01
4.604658889770507812e+01 1.072665691375732422e+01 1.950724411010742188e+01
5.516469955444335938e+01 1.950783729553222656e+01 1.617349433898925781e+01
4.187098312377929688e+01 5.011764168739318848e-01 2.289101982116699219e+01
3.974459075927734375e+01 1.612137031555175781e+01 2.108975219726562500e+01
3.569832992553710938e+01 1.063976860046386719e+01 1.508755207061767578e+01
3.900065231323242188e+01 1.655096817016601562e+01 2.262142562866210938e+01
3.537197113037109375e+01 7.572183609008789062e+00 1.945022964477539062e+01
4.731910324096679688e+01 1.703950119018554688e+01 1.545449542999267578e+01
3.551601028442382812e+01 2.664470291137695312e+01 2.708829116821289062e+01
3.885325241088867188e+01 2.191056823730468750e+01 3.004650497436523438e+01
3.264570617675781250e+01 1.802860641479492188e+01 3.083933448791503906e+01
3.424768066406250000e+01 1.437365531921386719e+01 2.663040161132812500e+01
2.997539520263671875e+01 2.341284179687500000e+01 1.997341346740722656e+01
3.675452041625976562e+01 2.824270248413085938e+01 2.066910743713378906e+01
-1.144812774658203125e+01 3.764915466308593750e+01 -5.489851161837577820e-02
1.455029964447021484e+01 4.136880493164062500e+01 1.573064136505126953e+01
1.522264003753662109e+01 4.287761688232421875e+01 2.995445489883422852e+00
1.903460884094238281e+01 3.944746398925781250e+01 -6.157365798950195312e+00
2.287405586242675781e+01 5.043167114257812500e+01 1.158433246612548828e+01
3.206711196899414062e+01 3.554233169555664062e+01 1.012665653228759766e+01
2.556327819824218750e+01 4.108987045288085938e+01 2.661161994934082031e+01
7.958845615386962891e+00 5.301975250244140625e+01 1.801958274841308594e+01
5.793132781982421875e+00 4.037987899780273438e+01 2.367484474182128906e+01
1.762938880920410156e+01 3.819226837158203125e+01 1.952071380615234375e+01
2.145234298706054688e+01 5.281297683715820312e+01 1.669458961486816406e+01
2.747604560852050781e+01 4.420321655273437500e+01 1.595384120941162109e+01
1.839764976501464844e+01 3.753096008300781250e+01 1.297022724151611328e+01
1.014679622650146484e+01 4.824730300903320312e+01 4.928454399108886719e+00
1.328794479370117188e+01 4.069789123535156250e+01 1.700599479675292969e+01
1.228609848022460938e+01 4.725945281982421875e+01 1.807214546203613281e+01
1.702207565307617188e+01 3.343965148925781250e+01 1.844734764099121094e+01
4.115598678588867188e+01 3.723462295532226562e+01 4.105087280273437500e+00
4.547063064575195312e+01 2.482104873657226562e+01 1.118171501159667969e+01
2.855430603027343750e+01 3.817855072021484375e+01 5.278604030609130859e+00
2.821540260314941406e+01 3.677872848510742188e+01 1.452115631103515625e+01
4.149677276611328125e+01 3.157845878601074219e+01 1.786951637268066406e+01
3.319625473022460938e+01 3.400006484985351562e+01 1.670867919921875000e+01
3.271760177612304688e+01 3.064799690246582031e+01 2.241468620300292969e+01
3.624531173706054688e+01 3.765187072753906250e+01 2.514834403991699219e+01
6.843699932098388672e+00 -1.481041789054870605e+00 5.279138565063476562e+01
-1.987212777137756348e+00 9.554054260253906250e+00 4.862798690795898438e+01
8.759337425231933594e+00 1.145827102661132812e+01 4.278944015502929688e+01
1.247571277618408203e+01 5.465507030487060547e+00 4.174712371826171875e+01
2.879457855224609375e+01 4.899217560887336731e-02 4.957596969604492188e+01
3.077426147460937500e+01 7.258963584899902344e+00 4.468731689453125000e+01
9.181404113769531250e+00 1.504424810409545898e+00 4.578599929809570312e+01
2.743808937072753906e+01 1.374762058258056641e+01 4.697246932983398438e+01
1.777100563049316406e+01 2.647072219848632812e+01 4.245035552978515625e+01
6.501460075378417969e+00 2.462753295898437500e+01 4.170928955078125000e+01
1.078272387385368347e-01 2.149921226501464844e+01 4.725636291503906250e+01
1.205781078338623047e+01 1.497266578674316406e+01 4.375540924072265625e+01
1.745694732666015625e+01 3.845402956008911133e+00 3.237409210205078125e+01
2.249727058410644531e+01 1.598833274841308594e+01 4.384894180297851562e+01
2.820077896118164062e+01 1.054115104675292969e+01 3.743288803100585938e+01
2.003372001647949219e+01 4.714674949645996094e+00 4.222335815429687500e+01
1.531317806243896484e+01 2.095672988891601562e+01 4.633248901367187500e+01
1.244483566284179688e+01 2.053060531616210938e+01 4.800777816772460938e+01
1.655858802795410156e+01 1.541044998168945312e+01 4.169382858276367188e+01
4.016664886474609375e+01 1.855551004409790039e+00 3.172518348693847656e+01
3.247493743896484375e+01 -7.806950807571411133e-02 3.645193862915039062e+01
3.992176818847656250e+01 7.648009300231933594e+00 3.487622833251953125e+01
3.438008117675781250e+01 5.862826347351074219e+00 3.309634780883789062e+01
3.958972167968750000e+01 6.702520847320556641e+00 3.826776123046875000e+01
4.499675369262695312e+01 -6.195132136344909668e-01 3.110964584350585938e+01
3.677819824218750000e+01 3.248589277267456055e+00 2.490192031860351562e+01
4.732212829589843750e+01 1.288681221008300781e+01 2.633750915527343750e+01
5.468087768554687500e+01 5.951472282409667969e+00 2.179944229125976562e+01
4.273279190063476562e+01 1.404045677185058594e+01 2.714887237548828125e+01
4.480202865600585938e+01 1.351604080200195312e+01 2.684683799743652344e+01
3.811035156250000000e+01 3.216937482357025146e-01 2.969725990295410156e+01
4.313460540771484375e+01 9.628884315490722656e+00 2.927829360961914062e+01
3.114723014831542969e+01 2.263043785095214844e+01 3.299512100219726562e+01
3.747857284545898438e+01 1.231626796722412109e+01 3.549411773681640625e+01
3.379596710205078125e+01 6.022739410400390625e+00 3.450611877441406250e+01
3.476485061645507812e+01 2.496000480651855469e+01 3.581790924072265625e+01
4.080120086669921875e+01 7.959060192108154297e+00 1.727807617187500000e+01
3.615512084960937500e+01 -3.333561420440673828e-01 4.056725311279296875e+01
2.728363227844238281e+01 1.223175621032714844e+01 4.800831985473632812e+01
2.981147384643554688e+01 1.473627090454101562e+01 3.762126922607421875e+01
2.640226173400878906e+01 1.083364105224609375e+01 4.018976593017578125e+01
3.001687622070312500e+01 1.630414390563964844e+01 4.607599258422851562e+01
-4.992511272430419922e-01 4.385009002685546875e+01 3.492856597900390625e+01
8.236667633056640625e+00 3.879613113403320312e+01 3.105515480041503906e+01
1.455962181091308594e+01 3.547496414184570312e+01 3.361334228515625000e+01
2.176015281677246094e+01 3.699601364135742188e+01 2.528165054321289062e+01
2.581868743896484375e+01 3.661351013183593750e+01 1.845878982543945312e+01
1.452986431121826172e+01 3.394625473022460938e+01 2.369730758666992188e+01
1.346758460998535156e+01 3.560699844360351562e+01 2.325909805297851562e+01
2.708700561523437500e+01 2.610791397094726562e+01 3.708471298217773438e+01
3.179491043090820312e+00 4.661529541015625000e+01 3.027822303771972656e+01
-4.893128871917724609e-01 3.470686340332031250e+01 2.420741653442382812e+01
5.495076179504394531e-01 4.164656066894531250e+01 2.735312271118164062e+01
6.229347229003906250e+00 4.685056304931640625e+01 2.954789161682128906e+01
4.452491760253906250e+00 3.938936233520507812e+01 3.023612976074218750e+01
1.181493949890136719e+01 4.224983215332031250e+01 2.755386161804199219e+01
3.876826524734497070e+00 2.807322502136230469e+01 3.824064636230468750e+01
4.024661540985107422e+00 2.956508827209472656e+01 4.467340469360351562e+01
8.881273269653320312e-01 3.404602813720703125e+01 4.036284637451171875e+01
2.475142478942871094e+00 2.588684844970703125e+01 4.652268600463867188e+01
1.501305198669433594e+01 3.171753120422363281e+01 4.140030288696289062e+01
2.205108451843261719e+01 2.434905433654785156e+01 2.680106925964355469e+01
1.814776992797851562e+01 2.887040138244628906e+01 2.198014450073242188e+01
1.712810707092285156e+01 2.962274551391601562e+01 3.273089599609375000e+01
2.514927291870117188e+01 3.158792114257812500e+01 3.340567016601562500e+01
3.282765197753906250e+01 2.577184295654296875e+01 2.289434623718261719e+01
2.758387947082519531e+01 2.380343627929687500e+01 3.266802215576171875e+01
