-8.778460693359375000e+01 -1.858641815185546875e+01 -5.872476577758789062e+01
-3.062563514709472656e+01 -5.206092453002929688e+01 -1.885571479797363281e+01
1.876677703857421875e+01 -5.197660446166992188e+01 2.124418640136718750e+01
1.006570434570312500e+02 -4.772873306274414062e+01 -2.061943435668945312e+01
-6.702812957763671875e+01 -9.506919860839843750e+01 -1.024134368896484375e+02
-5.839838790893554688e+01 -2.944956779479980469e+01 9.217281341552734375e+01
-4.371219635009765625e+01 -4.372291946411132812e+01 -6.803873443603515625e+01
-7.657669067382812500e+01 -6.559539031982421875e+01 9.574610900878906250e+01
1.520487499237060547e+01 -1.727859191894531250e+02 3.461991119384765625e+01
-8.724868774414062500e+01 3.980255365371704102e+00 2.173411560058593750e+01
-5.839090728759765625e+01 -2.332269859313964844e+01 -1.336466979980468750e+02
-4.222937011718750000e+01 -6.136333084106445312e+01 5.551894378662109375e+01
1.856785583496093750e+01 4.892038726806640625e+01 4.062070465087890625e+01
2.395009994506835938e+01 -4.766741180419921875e+01 9.349954605102539062e+00
1.487493801116943359e+01 -7.128711700439453125e+01 -4.248782730102539062e+01
-4.494457244873046875e+00 2.218776702880859375e+01 -4.697004318237304688e+01
2.772133445739746094e+01 -2.316710281372070312e+01 -1.260709075927734375e+02
5.535631942749023438e+01 -1.403347473144531250e+02 8.921128082275390625e+01
-2.148170852661132812e+01 -8.448892211914062500e+01 -7.165783643722534180e-01
1.196644058227539062e+02 -1.289408874511718750e+02 -2.781693458557128906e+01
3.611324691772460938e+01 -5.579699707031250000e+01 4.497562789916992188e+01
8.675408172607421875e+01 3.763056564331054688e+01 1.092379455566406250e+02
-5.377558898925781250e+01 2.776379966735839844e+01 -6.711666870117187500e+01
-3.797541809082031250e+01 9.410965728759765625e+01 -1.074459152221679688e+02
-4.461505889892578125e+01 2.083083915710449219e+01 1.682486534118652344e+01
2.426986455917358398e+00 4.161140060424804688e+01 -7.552389526367187500e+01
-3.634125518798828125e+01 4.983264160156250000e+01 -1.190683364868164062e+02
-4.573429489135742188e+01 1.848414039611816406e+01 8.363868713378906250e+01
-9.243992614746093750e+01 2.421919822692871094e+01 -1.957243156433105469e+01
-3.755556821823120117e+00 -1.702358245849609375e+01 -4.631016921997070312e+01
-5.446724319458007812e+01 4.716344833374023438e+00 -2.366345214843750000e+01
3.892994689941406250e+01 3.563098526000976562e+01 -1.386025667190551758e+00
-2.999977684020996094e+01 -4.064783477783203125e+01 -3.020900726318359375e+00
5.024174880981445312e+01 5.187397384643554688e+01 -2.048300552368164062e+01
-3.262829589843750000e+01 -6.631236267089843750e+01 -2.781486320495605469e+01
1.965878868103027344e+01 -2.615573120117187500e+01 -7.982321929931640625e+01
7.938442993164062500e+01 1.667555999755859375e+01 -1.112674484252929688e+02
4.363945388793945312e+01 4.838294982910156250e+01 -5.226332855224609375e+01
-3.045176887512207031e+01 1.976822280883789062e+01 -1.061426315307617188e+02
7.744204711914062500e+01 3.950867462158203125e+01 -9.070567321777343750e+01
3.339665222167968750e+01 2.210437011718750000e+01 2.266686439514160156e+01
-1.732859420776367188e+01 -1.948226165771484375e+01 -9.816539001464843750e+01
-4.753201293945312500e+01 4.234235382080078125e+01 -8.041159820556640625e+01
1.158947906494140625e+02 1.352133789062500000e+02 1.840682983398437500e+01
4.002977371215820312e+01 -9.667437744140625000e+01 -1.614351272583007812e+01
3.369242477416992188e+01 -1.431424102783203125e+02 5.936770248413085938e+01
2.329171752929687500e+01 6.154604339599609375e+01 -5.458749008178710938e+01
1.983260869979858398e+00 -3.930589294433593750e+01 3.346858596801757812e+01
-4.113499450683593750e+01 -8.730141448974609375e+01 -2.252577590942382812e+01
-2.283698081970214844e+01 2.373970031738281250e+01 4.694165706634521484e+00
2.101897811889648438e+01 8.328441619873046875e+01 4.748435974121093750e+01
-1.317028808593750000e+02 -7.514356231689453125e+01 -3.128853034973144531e+01
1.153414993286132812e+02 -1.595125865936279297e+01 -1.312675857543945312e+01
2.347675323486328125e+01 -9.244737243652343750e+01 -9.355331420898437500e+01
-2.521948814392089844e+01 -1.086519336700439453e+01 8.583879852294921875e+01
3.446171951293945312e+01 -5.055701255798339844e+00 -5.721808624267578125e+01
4.649919128417968750e+01 -5.764996719360351562e+01 -1.031886219978332520e+00
-4.802362918853759766e+00 -6.663572692871093750e+01 3.961166000366210938e+01
1.038497543334960938e+01 -9.884691619873046875e+01 6.685471343994140625e+01
-4.272859191894531250e+01 -6.528029632568359375e+01 1.349253540039062500e+02
-2.403580093383789062e+01 3.585652923583984375e+01 4.500927352905273438e+01
8.045693969726562500e+01 7.788584232330322266e+00 7.459915161132812500e+01
7.444268035888671875e+01 -5.649722671508789062e+01 8.772547149658203125e+01
-4.403060150146484375e+01 8.763267517089843750e+01 5.301126098632812500e+01
-4.357347106933593750e+01 2.927101325988769531e+01 9.328335762023925781e+00
1.129164934158325195e+00 6.292332839965820312e+01 1.033425598144531250e+02
-8.022692108154296875e+01 8.173522949218750000e+01 1.567759418487548828e+01
-8.260821104049682617e-01 2.711133575439453125e+01 5.339082717895507812e+01
-1.367042636871337891e+01 2.579973411560058594e+01 -7.087960052490234375e+01
-1.039401397705078125e+02 -7.372573089599609375e+01 1.173408508300781250e+02
-8.651876068115234375e+01 -4.262077713012695312e+01 9.406541442871093750e+01
6.848433685302734375e+01 2.398392677307128906e+01 -2.828846168518066406e+01
-1.308675956726074219e+01 -2.055297851562500000e+01 1.560950088500976562e+01
-6.576210021972656250e+01 8.352567672729492188e+00 9.195797729492187500e+01
1.981032180786132812e+01 -9.408854484558105469e+00 6.948336791992187500e+01
-4.507131958007812500e+01 9.168993377685546875e+01 5.599879074096679688e+01
2.237758636474609375e+00 8.314671516418457031e+00 5.849674224853515625e+01
-2.282532119750976562e+01 5.506214141845703125e+00 -3.174722862243652344e+01
2.114335632324218750e+01 -5.162339782714843750e+01 9.702114868164062500e+01
5.103574371337890625e+01 9.965219879150390625e+01 -3.543180084228515625e+01
1.995385551452636719e+01 8.523917794227600098e-01 -1.994140434265136719e+01
-2.387491798400878906e+01 -7.249141111969947815e-03 -3.269676589965820312e+01
-3.543384552001953125e+01 1.689928054809570312e+01 5.919819831848144531e+00
1.287442970275878906e+01 -2.562571048736572266e+00 -3.767498779296875000e+01
-6.634242248535156250e+01 3.085956764221191406e+01 1.328203277587890625e+02
4.489470291137695312e+01 3.631333112716674805e+00 -2.001842308044433594e+01
2.668880844116210938e+01 -2.592185020446777344e+01 7.188220500946044922e+00
5.995993804931640625e+01 9.929657745361328125e+01 4.440480422973632812e+01
2.715394973754882812e+01 3.915998840332031250e+01 3.483358001708984375e+01
