-1.238107776641845703e+01 -6.002083206176757812e+01 -2.174084281921386719e+01
-8.978977203369140625e+01 -7.177182006835937500e+01 1.209753799438476562e+01
-6.565226554870605469e+00 1.801283073425292969e+01 -8.158556365966796875e+01
-7.140118408203125000e+01 -6.640670776367187500e+00 1.743137741088867188e+01
-1.264794617891311646e-01 2.044233703613281250e+01 3.292578506469726562e+01
-9.410971641540527344e+00 -1.567339935302734375e+02 -4.240574645996093750e+01
4.760836791992187500e+01 2.153098678588867188e+01 3.284693717956542969e+00
-8.857800483703613281e+00 -4.881799697875976562e+01 -4.823337173461914062e+01
-1.077204132080078125e+02 -4.076171875000000000e+01 -6.154146957397460938e+01
4.288725662231445312e+01 -9.569033813476562500e+01 -6.750635504722595215e-01
7.454257202148437500e+01 -6.463342189788818359e+00 -4.687162780761718750e+01
-3.635537719726562500e+01 1.258721446990966797e+01 -7.445890808105468750e+01
2.919610023498535156e+01 -8.712941741943359375e+01 -2.638562011718750000e+01
-9.187538146972656250e+00 -1.463706665039062500e+02 9.842489242553710938e+00
7.756743431091308594e+00 -3.561973953247070312e+01 -8.631939697265625000e+01
-2.020530128479003906e+01 -1.737232780456542969e+01 -1.586925506591796875e+02
-1.658730125427246094e+01 -1.041431198120117188e+02 2.152903366088867188e+01
-2.687680625915527344e+01 2.372019195556640625e+01 -1.020114059448242188e+02
4.145437622070312500e+01 1.790539360046386719e+01 -4.585957717895507812e+01
-3.918857192993164062e+01 -3.006900024414062500e+01 -1.020296454429626465e+00
-1.336416320800781250e+02 3.896478652954101562e+01 -1.363981437683105469e+01
7.162237548828125000e+01 -1.689500045776367188e+01 -1.482775783538818359e+01
1.666728019714355469e+01 -4.146409225463867188e+01 5.072264862060546875e+01
-5.206791687011718750e+01 -6.020617675781250000e+01 -3.689292907714843750e+01
7.852949523925781250e+01 -5.263348007202148438e+01 8.758229255676269531e+00
-1.125771255493164062e+02 9.369062042236328125e+01 -3.827175140380859375e+01
-2.186787223815917969e+01 -1.789875411987304688e+01 1.578460216522216797e+00
-9.074531555175781250e+00 4.189119338989257812e+01 -2.597214698791503906e+01
-6.860473155975341797e+00 -8.227584838867187500e+01 -2.273634147644042969e+01
-1.529394226074218750e+02 1.748530769348144531e+01 -5.423866653442382812e+01
-1.101237487792968750e+02 1.422715783119201660e+00 -5.882035827636718750e+01
6.000428009033203125e+01 -6.974256896972656250e+01 5.257074236869812012e-01
-7.687203216552734375e+01 5.287597179412841797e+00 -4.630690002441406250e+01
6.744399261474609375e+01 -5.799365234375000000e+01 -1.520612945556640625e+02
9.940196990966796875e+01 -6.897612762451171875e+01 -5.817593383789062500e+01
3.976673507690429688e+01 -2.023385524749755859e+00 1.369096851348876953e+01
6.566264343261718750e+01 -1.018746795654296875e+02 -6.791123962402343750e+01
-1.558137512207031250e+01 5.510906219482421875e+00 -4.872161483764648438e+01
-8.884381866455078125e+01 8.469141387939453125e+01 -5.239500427246093750e+01
-2.811714935302734375e+01 -6.802292633056640625e+01 -5.858603286743164062e+01
6.251873016357421875e+00 -3.790671539306640625e+01 3.665854930877685547e+00
-2.196713066101074219e+01 -1.776789665222167969e+01 -6.559490203857421875e+01
-1.962447547912597656e+01 -3.265261459350585938e+01 -1.242362060546875000e+02
-4.097238159179687500e+01 5.321782302856445312e+01 -6.861885833740234375e+01
-4.822795867919921875e+01 1.803992080688476562e+01 -7.589971160888671875e+01
-1.617212677001953125e+01 3.418102025985717773e+00 -6.909703826904296875e+01
-3.126486778259277344e+01 -5.249834442138671875e+01 -2.147078323364257812e+01
-7.412721252441406250e+01 -1.750887036323547363e-01 -5.654999160766601562e+01
-2.867309570312500000e+01 -8.472235679626464844e+00 -1.234651660919189453e+01
-3.893141174316406250e+01 -6.077476501464843750e+00 3.634910964965820312e+01
-9.910577774047851562e+00 -1.425865936279296875e+01 5.370681762695312500e+01
-5.777996063232421875e+01 2.609502601623535156e+01 -5.635747909545898438e+01
-3.279969787597656250e+01 -1.249715576171875000e+02 8.612523651123046875e+01
4.350491714477539062e+01 -1.203574275970458984e+01 -9.692099690437316895e-02
4.160327148437500000e+01 -1.289962768554687500e+02 2.569633865356445312e+01
-6.896253204345703125e+01 -7.399594879150390625e+01 -5.236581802368164062e+00
-9.488988494873046875e+01 -1.784104156494140625e+01 3.061159133911132812e+01
-8.475000762939453125e+01 -4.874738693237304688e+01 3.837619018554687500e+01
-6.245190429687500000e+01 -1.558748340606689453e+01 9.696788787841796875e+00
2.281335258483886719e+01 -6.807147216796875000e+01 6.459887504577636719e+00
9.810572624206542969e+00 4.434625625610351562e+01 -2.188627624511718750e+01
-1.155159759521484375e+01 -7.498957824707031250e+01 -7.515016937255859375e+01
5.562845230102539062e+01 -1.269111938476562500e+02 -3.732406997680664062e+01
3.280177307128906250e+01 -5.300267791748046875e+01 1.982517123222351074e+00
-1.597625732421875000e+01 -4.376186370849609375e+01 -4.225874710083007812e+01
-3.832953643798828125e+01 -1.109764480590820312e+02 -7.255166625976562500e+01
2.605865097045898438e+01 -8.630995178222656250e+01 -3.996715164184570312e+01
-3.696173191070556641e+00 -4.553075027465820312e+01 8.947157859802246094e+00
1.301139259338378906e+01 -1.094833526611328125e+02 -9.023037910461425781e+00
5.337954711914062500e+01 -2.997081756591796875e+01 5.012343978881835938e+01
5.154383468627929688e+01 -7.637685394287109375e+01 1.516955280303955078e+01
1.747668743133544922e+00 -9.772747802734375000e+01 -3.333394622802734375e+01
-4.006319808959960938e+01 3.766201400756835938e+01 4.068564224243164062e+01
-3.984189987182617188e+01 -4.531541061401367188e+01 -9.798165893554687500e+01
-5.670809173583984375e+01 -5.467651844024658203e+00 -1.027333927154541016e+01
-5.640848922729492188e+01 2.192155265808105469e+01 -6.086830139160156250e+01
6.105731201171875000e+01 -1.006684799194335938e+02 -4.703236770629882812e+01
4.292063903808593750e+01 -1.232017974853515625e+02 3.520218276977539062e+01
-9.677077293395996094e+00 -4.334509277343750000e+01 4.752985000610351562e+00
-3.597093200683593750e+01 -1.765451049804687500e+01 1.000944976806640625e+02
7.380417633056640625e+01 -8.850247955322265625e+01 -4.328467178344726562e+01
-1.780721282958984375e+01 -1.913415527343750000e+01 -2.872613716125488281e+01
7.625087738037109375e+01 -6.063384246826171875e+01 -6.687794494628906250e+01
-8.698545074462890625e+01 -2.074350738525390625e+01 -1.473703384399414062e+01
2.316810607910156250e+01 7.950846862792968750e+01 -1.967995166778564453e-01
5.964707183837890625e+01 3.314047241210937500e+01 1.966262626647949219e+01
-2.666576194763183594e+01 -3.293572998046875000e+01 1.325117797851562500e+02
1.134319972991943359e+01 -6.466692352294921875e+01 2.053183746337890625e+01
-6.470354461669921875e+01 1.179337310791015625e+01 -2.424129676818847656e+01
5.989200592041015625e+01 -6.255503845214843750e+01 6.103837966918945312e+01
-3.632634735107421875e+01 3.625010299682617188e+01 4.383001327514648438e+01
-3.378285598754882812e+01 6.248970413208007812e+01 -2.703256225585937500e+01
-1.734543228149414062e+01 1.266874194145202637e+00 1.258906631469726562e+02
-1.305068969726562500e+02 -9.676831054687500000e+01 -6.177111053466796875e+01
-6.820755004882812500e+01 -3.591343164443969727e+00 1.910604667663574219e+01
8.217229461669921875e+01 -1.349039173126220703e+01 -5.855926895141601562e+01
-1.010177154541015625e+02 1.962086868286132812e+01 -1.120023727416992188e+02
-1.271444320678710938e+02 -6.990707397460937500e+01 -2.984628677368164062e+01
-7.334938049316406250e+01 5.336711502075195312e+01 1.047798275947570801e+00
4.622587203979492188e+00 -3.672553062438964844e+00 -3.359487533569335938e+01
-1.044781417846679688e+02 -7.709509134292602539e-01 -4.394004058837890625e+01
-2.554650115966796875e+01 -2.947774696350097656e+01 -1.300507049560546875e+02
8.123435974121093750e+01 3.072723388671875000e+01 3.047145843505859375e+01
9.465708923339843750e+01 4.475128173828125000e+01 3.475766372680664062e+01
6.818144989013671875e+01 -5.165584564208984375e+01 -6.965301513671875000e+01
1.028929138183593750e+01 -5.986515045166015625e+01 -7.911785888671875000e+01
2.627950477600097656e+01 7.122801208496093750e+01 -5.002602005004882812e+01
-9.381172180175781250e+01 -7.992813110351562500e+01 -5.091123962402343750e+01
4.174571990966796875e+01 -6.519982910156250000e+01 2.017936706542968750e+01
4.791195869445800781e+00 1.624356079101562500e+01 6.741825103759765625e+01
7.690634918212890625e+01 3.131056785583496094e+01 -5.436757659912109375e+01
2.297959709167480469e+01 -3.481418228149414062e+01 -8.512467956542968750e+01
-3.893344879150390625e+00 1.404219245910644531e+01 -5.614188385009765625e+01
-7.065362548828125000e+01 -2.369600105285644531e+01 -8.378689575195312500e+01
1.278754329681396484e+01 4.060298919677734375e+01 -7.799708843231201172e+00
6.879072570800781250e+01 -4.503695297241210938e+01 -3.271273803710937500e+01
9.161197662353515625e+01 -8.768981170654296875e+01 -6.008248138427734375e+01
-1.994663810729980469e+01 -1.760664749145507812e+01 -5.364594268798828125e+01
9.826907157897949219e+00 -6.259197998046875000e+01 -9.021591949462890625e+01
4.377034187316894531e+00 8.070738792419433594e+00 7.691923141479492188e+00
-1.168624019622802734e+01 -2.065596771240234375e+01 4.438926696777343750e+00
6.098664283752441406e+00 -5.560127258300781250e+01 4.129036331176757812e+01
4.359200286865234375e+01 -7.227040100097656250e+01 -5.305378341674804688e+01
-4.703523635864257812e+01 -1.722593498229980469e+01 -1.197793045043945312e+02
2.445304298400878906e+01 -3.821912384033203125e+01 -8.051106262207031250e+01
3.787017822265625000e+01 2.821087646484375000e+01 -5.957945632934570312e+01
-8.648143005371093750e+01 3.486333608627319336e+00 -1.111639022827148438e+02
-4.751361846923828125e+01 -1.454061431884765625e+02 -1.009304046630859375e+02
3.152453041076660156e+01 -2.857414245605468750e+01 -8.035462188720703125e+01
-6.189923858642578125e+01 -6.894896697998046875e+01 1.650271224975585938e+01
5.012446594238281250e+01 -1.090514755249023438e+01 -1.581734161376953125e+02
2.663151550292968750e+01 1.001680603027343750e+02 -9.756399536132812500e+01
6.013204574584960938e+00 -1.959817047119140625e+02 -2.339206504821777344e+01
2.318469047546386719e+00 -3.962207412719726562e+01 -5.643332290649414062e+01
3.581912994384765625e+01 1.865037536621093750e+01 -5.505531311035156250e+01
-3.208016586303710938e+01 -2.247227478027343750e+01 4.617424011230468750e+01
-1.067222309112548828e+01 -2.966872978210449219e+01 -7.061231231689453125e+01
-4.906748962402343750e+01 -7.997707843780517578e+00 -5.880265808105468750e+01
1.816225051879882812e+01 -5.509255599975585938e+01 -8.293520355224609375e+01
8.969556427001953125e+01 -1.290295410156250000e+01 4.755537033081054688e+01
1.197365264892578125e+02 -1.248116493225097656e+01 -5.372912597656250000e+01
-8.957155609130859375e+01 2.609834861755371094e+01 3.675817108154296875e+01
2.825367355346679688e+01 -5.167890167236328125e+01 9.331111311912536621e-01
1.839730644226074219e+01 7.754890441894531250e+01 -4.056394577026367188e+01
-3.816268539428710938e+01 3.043060493469238281e+01 -8.827827453613281250e+01
7.162490081787109375e+01 3.533666229248046875e+01 -8.195693969726562500e+01
2.724867248535156250e+01 -8.499535369873046875e+01 -6.630487823486328125e+01
4.470973205566406250e+01 2.171418762207031250e+01 -7.986479282379150391e+00
3.728730010986328125e+01 -2.813916397094726562e+01 -9.186190795898437500e+01
5.138348770141601562e+01 -3.708678436279296875e+01 1.773950767517089844e+01
1.199346160888671875e+01 -1.066745300292968750e+02 -1.120830764770507812e+02
-3.364138031005859375e+01 -1.642999076843261719e+01 -2.750247001647949219e+01
-5.564730453491210938e+01 -5.676595687866210938e+00 6.810330200195312500e+01
8.803638458251953125e+01 -9.373851776123046875e+00 6.766709899902343750e+01
-2.615076637268066406e+01 -7.173091125488281250e+01 -1.145144367218017578e+01
-4.351183319091796875e+01 -6.735888671875000000e+01 -1.052342605590820312e+02
1.453723073005676270e+00 -4.670510101318359375e+01 -7.655239868164062500e+01
1.207525157928466797e+01 -9.789080810546875000e+01 2.167936325073242188e+01
4.874496841430664062e+01 -1.521104278564453125e+02 9.922979354858398438e+00
1.068847427368164062e+02 -1.050460128784179688e+02 -4.754974746704101562e+01
4.191087341308593750e+01 -4.793957901000976562e+01 -3.605073547363281250e+01
-6.254780578613281250e+01 -3.691151428222656250e+01 2.212809181213378906e+01
9.675128173828125000e+01 -6.561618804931640625e+01 -4.818924713134765625e+01
2.332185745239257812e+01 -6.254059600830078125e+01 9.038187026977539062e+00
5.233573436737060547e+00 3.442588806152343750e+01 7.387247467041015625e+01
-1.890210914611816406e+01 -1.149127502441406250e+02 5.130724906921386719e+00
7.456633758544921875e+01 -1.352265777587890625e+02 -3.867736053466796875e+01
1.020326843261718750e+02 5.734316253662109375e+01 8.830865478515625000e+01
1.050477752685546875e+02 4.620771884918212891e+00 -6.810227966308593750e+01
-4.166335105895996094e+00 -6.394012451171875000e+01 -4.384064197540283203e+00
9.015422058105468750e+01 -8.657712554931640625e+01 7.673838043212890625e+01
9.443418502807617188e+00 -1.346946716308593750e+02 -6.512596893310546875e+01
1.477846717834472656e+01 5.281101703643798828e+00 4.290069103240966797e+00
-9.410889434814453125e+01 -6.549917602539062500e+01 -5.781145477294921875e+01
6.744408416748046875e+01 -1.684131050109863281e+01 -3.124415206909179688e+01
2.029738426208496094e+01 1.303876399993896484e+01 1.129158306121826172e+01
4.056762695312500000e+01 -7.550979614257812500e+00 2.317654609680175781e+01
1.560002441406250000e+02 -8.543455505371093750e+01 1.216830539703369141e+01
3.382664108276367188e+01 -9.679582214355468750e+01 5.233945083618164062e+01
9.586901092529296875e+01 -2.594374465942382812e+01 -3.703907394409179688e+01
8.164344787597656250e+01 -2.598674392700195312e+01 -1.835420608520507812e+01
-2.750117778778076172e-01 2.574452781677246094e+01 -7.716262054443359375e+01
1.196377639770507812e+02 7.966454029083251953e-01 -2.291365623474121094e+01
6.460211181640625000e+01 -1.027909545898437500e+02 -4.857005691528320312e+01
6.833493804931640625e+01 3.239874649047851562e+01 -1.871864509582519531e+01
7.278118133544921875e+01 -2.279891204833984375e+01 -3.859133148193359375e+01
4.995077896118164062e+01 2.016353034973144531e+01 5.697934341430664062e+01
-2.784930229187011719e+01 1.071124458312988281e+01 -7.008417510986328125e+01
1.940955543518066406e+01 1.849026870727539062e+01 -7.406351470947265625e+01
5.215028381347656250e+01 4.708275222778320312e+01 -2.733895683288574219e+01
1.722101211547851562e+01 -1.399520492553710938e+01 1.922944450378417969e+01
5.675719833374023438e+01 -9.163003921508789062e+00 7.161784362792968750e+01
3.369609451293945312e+01 -1.343926239013671875e+01 1.467781305313110352e+00
2.718432998657226562e+01 -3.715241241455078125e+01 -7.309341430664062500e+01
6.270568847656250000e+01 -6.881098270416259766e+00 -8.580301666259765625e+01
3.253379440307617188e+01 -1.307423496246337891e+01 -3.895182037353515625e+01
7.213600635528564453e+00 -1.108274173736572266e+01 -2.368876075744628906e+01
7.717860412597656250e+01 -7.345426940917968750e+01 1.325136108398437500e+02
1.910234451293945312e+01 -6.185163879394531250e+01 3.911455917358398438e+01
-1.412733001708984375e+02 -3.630234146118164062e+01 3.660249328613281250e+01
-1.369102573394775391e+01 2.799027824401855469e+01 -2.184044456481933594e+01
-7.428463745117187500e+01 -1.921972465515136719e+01 -6.815676879882812500e+01
-2.950974655151367188e+01 -2.723945426940917969e+01 -5.568238258361816406e+00
-6.031011581420898438e+01 5.126786804199218750e+01 -9.563016891479492188e+00
-3.454876708984375000e+01 2.105692148208618164e+00 -2.905398368835449219e+01
-8.015878295898437500e+01 3.571431732177734375e+01 -9.513259124755859375e+01
6.010636520385742188e+01 5.277339172363281250e+01 -2.561710548400878906e+01
-1.365701751708984375e+02 6.026942443847656250e+01 -1.596455078125000000e+02
-1.067908248901367188e+02 -3.357410430908203125e+01 -2.863842391967773438e+01
2.418281936645507812e+01 -4.481593704223632812e+01 -7.816252899169921875e+01
-1.648188400268554688e+01 7.400927734375000000e+01 -5.429465866088867188e+01
-5.163922500610351562e+01 6.027235794067382812e+01 -5.876906967163085938e+01
-6.525476837158203125e+01 2.309475517272949219e+01 2.199155807495117188e+01
-1.722257995605468750e+01 8.562091827392578125e+01 -6.007108688354492188e+01
-7.800513458251953125e+01 2.989907264709472656e+01 -3.857711410522460938e+01
-6.944538879394531250e+01 1.836112594604492188e+01 1.320851039886474609e+01
-3.919213485717773438e+01 -4.120653533935546875e+01 -6.002857589721679688e+01
-1.365102958679199219e+01 -1.129375553131103516e+01 -1.453269290924072266e+01
-3.195522499084472656e+01 8.916327667236328125e+01 -3.413711547851562500e+01
1.825745773315429688e+01 -6.179792022705078125e+01 4.661696910858154297e+00
8.854355621337890625e+01 -1.014401016235351562e+02 -5.950091934204101562e+01
-8.845804595947265625e+01 6.970001220703125000e+01 -5.748177337646484375e+01
-3.091936492919921875e+01 6.303489208221435547e+00 -2.041299819946289062e+01
5.373003387451171875e+01 -2.090057754516601562e+01 -4.784351348876953125e+01
-2.844570541381835938e+01 6.305643463134765625e+01 -6.534468841552734375e+01
6.337728500366210938e+01 4.063621902465820312e+01 -5.675280761718750000e+01
1.183636665344238281e+01 -8.748638916015625000e+01 -8.689197540283203125e+01
5.291543579101562500e+01 5.238454818725585938e+01 -1.346961879730224609e+01
1.086439418792724609e+01 -1.737317085266113281e+01 -6.951927185058593750e+01
2.402930831909179688e+01 -5.635469436645507812e+01 -2.741445922851562500e+01
-7.194409179687500000e+01 5.661201858520507812e+01 -5.858165359497070312e+01
1.173230266571044922e+01 -4.911625289916992188e+01 -1.216882247924804688e+02
-4.850427627563476562e+01 3.075217628479003906e+01 -4.257332611083984375e+01
-1.027834701538085938e+02 -7.779472351074218750e+00 -1.611153793334960938e+01
-1.418405532836914062e+01 3.271184921264648438e+00 -9.064085388183593750e+01
-2.264721679687500000e+01 2.065933609008789062e+01 -2.593965053558349609e+00
1.144894695281982422e+01 2.631960296630859375e+01 -1.775197792053222656e+01
3.511338806152343750e+01 1.078704452514648438e+02 -3.628163909912109375e+01
-4.480104446411132812e+01 5.605949020385742188e+01 -1.825546112060546875e+02
-5.724016952514648438e+01 9.604972076416015625e+01 -5.088730621337890625e+01
-1.172169265747070312e+02 3.247277832031250000e+01 -1.030283451080322266e+01
-2.062812614440917969e+01 3.297012710571289062e+01 1.771849250793457031e+01
1.000216293334960938e+01 9.256839752197265625e+01 5.583878707885742188e+01
-1.195294265747070312e+02 -5.439540481567382812e+01 -7.339493560791015625e+01
-1.598344898223876953e+01 8.344472503662109375e+01 -4.843107604980468750e+01
-1.619107818603515625e+01 -2.343294906616210938e+01 -6.072378158569335938e+01
3.654844665527343750e+01 -2.667369651794433594e+01 -4.039994430541992188e+01
-6.498905181884765625e+01 4.848023223876953125e+01 5.615665054321289062e+01
-2.446446990966796875e+01 -1.218728828430175781e+01 2.727611160278320312e+01
-5.210993576049804688e+01 4.742189025878906250e+01 -7.907617950439453125e+01
-5.593020439147949219e+00 5.445653915405273438e+01 -7.353090667724609375e+01
-4.587926387786865234e+00 -9.745075225830078125e+00 -4.214999389648437500e+01
-2.543629646301269531e+01 -3.938638305664062500e+01 2.103016471862792969e+01
-7.961378479003906250e+01 -5.952491378784179688e+01 -5.239792633056640625e+01
-6.483489227294921875e+01 2.612046003341674805e+00 -2.088972091674804688e+01
-6.953002929687500000e+01 5.578256225585937500e+01 -1.844771957397460938e+01
-9.088064575195312500e+01 -2.120290374755859375e+01 -2.976041221618652344e+01
5.547675132751464844e+00 1.694906234741210938e+01 -1.005450057983398438e+01
-7.159116363525390625e+01 -1.164832687377929688e+02 -8.519913482666015625e+01
-3.031085586547851562e+01 -8.401003265380859375e+01 9.454341888427734375e+00
-7.433493041992187500e+01 -1.876697540283203125e+01 -1.507870674133300781e+01
-2.501745700836181641e+00 -8.186961174011230469e+00 4.545280456542968750e+01
-6.900549316406250000e+01 3.072602462768554688e+01 1.777033615112304688e+01
-2.548308372497558594e+01 6.499996185302734375e+00 -8.815037536621093750e+01
-1.190361099243164062e+02 5.628890228271484375e+01 -2.373298072814941406e+01
-1.514917449951171875e+02 8.453208160400390625e+01 -1.428807449340820312e+01
-3.547201156616210938e+01 2.468522071838378906e+00 4.419371795654296875e+01
-6.758339691162109375e+01 -8.318490028381347656e+00 3.889508819580078125e+01
-1.433927612304687500e+02 -4.489120960235595703e+00 -1.435122013092041016e+01
-4.138949203491210938e+01 -4.567258834838867188e+00 7.593248748779296875e+01
-5.450596618652343750e+01 8.487153053283691406e-01 -9.356806182861328125e+01
-4.757662773132324219e+00 8.033345031738281250e+01 -6.210363388061523438e+01
-3.518568801879882812e+01 1.528162097930908203e+01 1.410719299316406250e+01
-8.352397918701171875e+01 -2.904174041748046875e+01 -3.209223937988281250e+01
8.982751846313476562e+00 1.078650474548339844e+01 4.436080932617187500e+01
-8.822496795654296875e+01 2.220183372497558594e+01 3.108741950988769531e+01
-3.371057510375976562e+01 3.552654266357421875e+01 -8.014320373535156250e+01
-1.102923431396484375e+02 1.315127563476562500e+01 4.518743896484375000e+01
5.260937118530273438e+01 3.322221374511718750e+01 8.351036071777343750e+01
-1.023114967346191406e+01 1.044030151367187500e+02 2.237036323547363281e+01
-6.490287017822265625e+01 2.096154451370239258e+00 -4.518336105346679688e+01
-6.606901550292968750e+01 1.033634719848632812e+02 -3.657209014892578125e+01
-4.326752471923828125e+01 -8.291871643066406250e+01 -8.010117340087890625e+01
3.111084365844726562e+01 -2.836128234863281250e+01 4.193165969848632812e+01
2.591844749450683594e+01 1.658165435791015625e+02 -7.091767120361328125e+01
-7.441663360595703125e+01 4.305854797363281250e+01 -1.369586467742919922e+01
5.525912623852491379e-03 1.493075714111328125e+02 -3.411979675292968750e+01
1.486892223358154297e+00 1.587973937988281250e+02 -8.786534881591796875e+01
-7.741690826416015625e+01 2.681705474853515625e+01 -3.678775405883789062e+01
5.292848587036132812e+00 3.093978404998779297e+00 -1.316681575775146484e+01
-6.671498107910156250e+01 -2.652073478698730469e+01 -2.383644294738769531e+01
2.447772789001464844e+01 -9.481050491333007812e+00 2.339041900634765625e+01
-6.899501800537109375e+01 -6.992293548583984375e+01 2.985780000686645508e+00
-4.562495803833007812e+01 -6.208291625976562500e+01 4.456693267822265625e+01
-2.987771987915039062e+01 -5.156399154663085938e+01 3.817444992065429688e+01
-2.883427619934082031e+01 2.826459312438964844e+01 -3.972590637207031250e+01
-7.299578857421875000e+01 1.422697296142578125e+02 -2.661202621459960938e+01
2.784071922302246094e+01 4.079510116577148438e+01 -1.777146301269531250e+02
1.102494907379150391e+01 1.855344200134277344e+01 5.573510360717773438e+01
-7.934725952148437500e+01 2.718037986755371094e+01 1.331869244575500488e+00
1.760300636291503906e+01 3.197625160217285156e+01 -8.743675994873046875e+01
-2.329557037353515625e+01 2.613337898254394531e+01 -2.611648750305175781e+01
-2.453853797912597656e+01 1.962803459167480469e+01 3.625481033325195312e+01
3.547711944580078125e+01 1.073024215698242188e+02 -5.660884857177734375e+01
3.701169204711914062e+01 -4.606149291992187500e+01 -8.088533782958984375e+01
-1.285576343536376953e+01 9.132892608642578125e+00 -6.364466857910156250e+01
4.544744110107421875e+01 1.953871536254882812e+01 -4.977661132812500000e+01
1.375058293342590332e+00 9.385588645935058594e+00 -5.941905498504638672e+00
7.571466827392578125e+01 3.132657241821289062e+01 -9.839050292968750000e+01
1.175327758789062500e+02 3.435068893432617188e+01 1.954426193237304688e+01
4.510345840454101562e+01 -2.388070297241210938e+01 1.900255966186523438e+01
-6.685748291015625000e+01 7.259415149688720703e+00 8.563752174377441406e+00
7.839245605468750000e+01 4.421963882446289062e+01 -1.705764961242675781e+01
3.584455871582031250e+01 1.288678359985351562e+01 -1.272159576416015625e+01
-1.348229217529296875e+01 2.506685066223144531e+01 2.940986633300781250e+01
-2.551414299011230469e+01 5.215487670898437500e+01 -1.563921966552734375e+02
7.862476348876953125e+01 8.879535675048828125e+01 -4.875800323486328125e+01
6.328547286987304688e+01 3.982558441162109375e+01 -2.597944641113281250e+01
2.257027435302734375e+01 4.061960983276367188e+01 -2.769977951049804688e+01
8.069043731689453125e+01 3.228065109252929688e+01 -7.085400390625000000e+01
-1.024228286743164062e+01 -3.908817672729492188e+01 -5.808388137817382812e+01
5.246115207672119141e+00 5.020275878906250000e+01 -9.045388793945312500e+01
-7.307426452636718750e+01 3.063772916793823242e+00 -1.501426544189453125e+02
1.216647911071777344e+01 -2.260095596313476562e+01 -3.417359924316406250e+01
4.416127204895019531e+00 -1.537713289260864258e+00 -8.433217620849609375e+01
2.563749885559082031e+01 5.292047500610351562e+00 -8.177287292480468750e+01
5.549243164062500000e+01 -1.552540206909179688e+01 -1.339589233398437500e+02
2.807000541687011719e+01 5.276247787475585938e+01 -7.786725616455078125e+01
-4.806649017333984375e+01 1.473950042724609375e+02 -7.415842437744140625e+01
5.288651466369628906e+00 2.132052803039550781e+01 2.269140052795410156e+01
5.265631866455078125e+01 8.340120697021484375e+01 -4.368012237548828125e+01
5.775735855102539062e+01 9.383893585205078125e+01 -5.893337631225585938e+01
5.175813293457031250e+01 5.410796642303466797e+00 4.708131027221679688e+01
-6.023324584960937500e+01 7.615201568603515625e+01 -6.930547332763671875e+01
5.744761276245117188e+01 -5.096629714965820312e+01 1.492122554779052734e+01
7.370382690429687500e+01 6.285000991821289062e+01 -2.325583457946777344e+01
-3.518188095092773438e+01 2.963947105407714844e+01 -8.487803649902343750e+01
2.620222282409667969e+01 5.228804397583007812e+01 -9.030494689941406250e+01
8.718044161796569824e-01 -1.938536262512207031e+01 -3.186398983001708984e+00
1.042459640502929688e+02 9.255195617675781250e+01 -5.207331466674804688e+01
-9.346606254577636719e+00 4.789403152465820312e+01 -4.689883422851562500e+01
1.746592903137207031e+01 6.117726898193359375e+01 4.972244644165039062e+01
-8.766819763183593750e+01 1.402824707031250000e+02 -1.050445022583007812e+02
3.834180450439453125e+01 -3.386920547485351562e+01 -1.809091377258300781e+01
-1.104024124145507812e+02 4.517544937133789062e+01 -1.213400959968566895e+00
-4.126231193542480469e+00 4.896817398071289062e+01 -3.571793746948242188e+01
-1.985319709777832031e+01 6.844011688232421875e+01 -5.118998336791992188e+01
-2.582457542419433594e+01 7.732204437255859375e+01 -3.576627349853515625e+01
4.821055221557617188e+01 8.869897460937500000e+01 -1.329508056640625000e+02
1.440713958740234375e+02 3.812820434570312500e+01 -7.324940490722656250e+01
6.036601066589355469e+00 -2.803012371063232422e+00 -1.343174591064453125e+02
6.144161605834960938e+01 9.267340850830078125e+01 9.198220825195312500e+01
9.450089263916015625e+01 3.644644975662231445e+00 2.257570075988769531e+01
-1.879933547973632812e+01 -1.053192019462585449e+00 4.832563400268554688e+01
-1.231682658195495605e+00 5.451409912109375000e+01 -6.237957000732421875e+00
6.041908264160156250e+01 8.126296997070312500e+01 -4.799191284179687500e+01
5.171467590332031250e+01 -1.384192228317260742e+00 1.952659988403320312e+01
8.787540435791015625e+01 2.250580978393554688e+01 1.654359459877014160e+00
2.449333000183105469e+01 2.647393798828125000e+01 2.529427528381347656e+01
4.737969970703125000e+01 2.430146980285644531e+01 -9.498508453369140625e+01
6.736145019531250000e+01 1.113708038330078125e+02 -7.054734802246093750e+01
-2.103531646728515625e+01 3.524663543701171875e+01 -1.076296043395996094e+01
9.775564575195312500e+01 -2.368535423278808594e+01 8.944974899291992188e+00
4.956655502319335938e+01 9.153073883056640625e+01 -3.817808532714843750e+01
1.372176527976989746e+00 -2.223955726623535156e+01 1.238196563720703125e+01
8.946766662597656250e+01 -1.077092819213867188e+02 -4.971462631225585938e+01
1.245113296508789062e+02 -2.493985748291015625e+01 -7.988160705566406250e+01
8.179158782958984375e+01 6.642853546142578125e+01 3.055197906494140625e+01
2.882223320007324219e+01 6.769176483154296875e+01 -4.664945983886718750e+01
-6.309059143066406250e+01 8.137526702880859375e+01 1.728635406494140625e+01
3.925606155395507812e+01 3.958820724487304688e+01 1.802188277244567871e+00
9.631573486328125000e+01 6.835758972167968750e+01 -9.636351013183593750e+01
-2.560257339477539062e+01 5.694426059722900391e+00 -8.331408691406250000e+01
8.025968933105468750e+01 -2.382172775268554688e+01 -1.988864326477050781e+01
-8.980889892578125000e+01 5.421953678131103516e+00 2.808411407470703125e+01
6.871726036071777344e+00 3.912978410720825195e+00 6.581715393066406250e+01
-2.891791152954101562e+01 -9.835646629333496094e+00 2.460280227661132812e+01
-1.697599220275878906e+01 -1.471014690399169922e+01 1.641222190856933594e+01
3.803286361694335938e+01 3.407398223876953125e+01 -1.617718963623046875e+02
9.023329162597656250e+01 5.023810958862304688e+01 3.570272064208984375e+01
6.780316162109375000e+01 1.286400909423828125e+02 -6.389950561523437500e+01
1.501353931427001953e+01 8.315702819824218750e+01 6.510590553283691406e+00
-3.596025466918945312e+01 8.591410827636718750e+01 -8.279883575439453125e+01
-2.779313278198242188e+01 5.245576858520507812e+00 -7.081063842773437500e+01
-2.042109298706054688e+01 2.785060119628906250e+01 -4.253813552856445312e+01
2.941170215606689453e+00 2.961555862426757812e+01 -7.224798583984375000e+01
-1.924929046630859375e+01 8.298043823242187500e+01 -4.639113843441009521e-01
8.038599395751953125e+01 6.130365753173828125e+01 -3.271945190429687500e+01
5.775393295288085938e+01 -3.213709640502929688e+01 3.138813257217407227e+00
7.985807800292968750e+01 1.349238128662109375e+02 -1.810366439819335938e+01
-2.851717567443847656e+01 9.146646881103515625e+01 2.337950706481933594e+01
5.945615386962890625e+01 1.630930175781250000e+02 3.151551818847656250e+01
-4.236351013183593750e+01 5.810652542114257812e+01 9.573591613769531250e+01
8.852966308593750000e+01 -6.344934082031250000e+01 -8.020133972167968750e+01
-7.588572692871093750e+01 8.235861968994140625e+01 -1.892809486389160156e+01
-2.063630104064941406e+01 6.032524871826171875e+01 -6.510489654541015625e+01
-6.921746826171875000e+01 2.347001838684082031e+01 4.676615238189697266e+00
7.886338806152343750e+01 3.132302474975585938e+01 -8.218692779541015625e+00
2.913830757141113281e+01 -8.279196929931640625e+01 5.013422393798828125e+01
-1.975072771310806274e-01 -1.535553783178329468e-01 1.452455711364746094e+01
1.499501800537109375e+01 1.966056632995605469e+01 -2.500590896606445312e+01
4.554382324218750000e+01 9.563741302490234375e+01 -3.546905517578125000e+01
-2.491377449035644531e+01 8.912763977050781250e+01 2.799444198608398438e+01
1.057168731689453125e+02 2.084436035156250000e+01 4.658277130126953125e+01
7.867524719238281250e+01 6.497884368896484375e+01 1.062423038482666016e+01
6.417504882812500000e+01 6.862530231475830078e+00 -5.801683044433593750e+01
-9.252276611328125000e+01 -1.050008106231689453e+01 7.421746253967285156e+00
-6.641097259521484375e+01 -4.176465225219726562e+01 8.632604980468750000e+01
-2.097752380371093750e+01 6.257795715332031250e+01 -3.673928833007812500e+01
-6.006405639648437500e+01 -2.625266075134277344e+01 -1.886743927001953125e+01
1.166519451141357422e+01 -1.804492378234863281e+01 -2.670914077758789062e+01
-5.761548233032226562e+01 -8.274295043945312500e+01 3.328501510620117188e+01
-2.992286109924316406e+01 -8.786120605468750000e+01 9.063438415527343750e+00
-1.354989147186279297e+01 4.480553817749023438e+01 -3.181579399108886719e+01
-7.824518585205078125e+01 -9.423767852783203125e+01 2.293716621398925781e+01
-2.502365875244140625e+01 -4.818172073364257812e+01 3.613155364990234375e+01
-1.519387531280517578e+01 -1.301514282226562500e+02 -1.759431838989257812e+01
6.142541122436523438e+01 -7.375637054443359375e+01 -2.376658821105957031e+01
-1.570081520080566406e+01 -6.921263122558593750e+01 5.992201995849609375e+01
-2.636820220947265625e+01 4.738092422485351562e+01 -9.737755775451660156e+00
3.142925262451171875e+01 -8.152993774414062500e+01 9.999658203125000000e+01
-8.096421813964843750e+01 -9.937435913085937500e+01 5.454650878906250000e+01
-5.719440841674804688e+01 1.009706039428710938e+02 3.069417572021484375e+01
-6.529530334472656250e+01 -1.662882614135742188e+01 1.024430656433105469e+01
-5.317714691162109375e+01 -4.216091156005859375e+01 4.942496871948242188e+01
5.382629394531250000e+01 -6.580638885498046875e+01 -5.293986201286315918e-01
-6.745655059814453125e+01 -7.748766326904296875e+01 -5.474249839782714844e+00
4.992272949218750000e+01 -1.053070449829101562e+02 5.268009185791015625e+00
-6.112673187255859375e+01 -7.006980895996093750e+01 3.121652603149414062e+01
2.312790489196777344e+01 1.064144515991210938e+01 -5.600253677368164062e+01
1.312810325622558594e+01 1.159922122955322266e+01 5.277096557617187500e+01
-4.803558349609375000e+01 -7.398749542236328125e+01 2.603508377075195312e+01
1.553731727600097656e+01 -1.108348083496093750e+02 3.791900157928466797e+00
-6.663978576660156250e+01 -1.181807785034179688e+02 2.944768714904785156e+01
-5.232368469238281250e+00 -9.974736785888671875e+01 6.885396575927734375e+01
-1.209198913574218750e+02 -9.671672058105468750e+01 -1.074123096466064453e+01
-2.738745307922363281e+01 -5.057178115844726562e+01 5.562319946289062500e+01
2.745618247985839844e+01 -7.859725189208984375e+01 1.138179321289062500e+02
5.732678890228271484e+00 -1.438421020507812500e+02 5.544181442260742188e+01
3.362993240356445312e+00 -3.151021385192871094e+01 4.938372039794921875e+01
-1.696631622314453125e+01 -7.292124938964843750e+01 -2.965344810485839844e+01
-2.645614051818847656e+01 -6.439002990722656250e+01 -2.774627923965454102e+00
-4.339925003051757812e+01 -5.823024749755859375e+01 -6.553376770019531250e+01
-1.171445846557617188e+02 -2.150234603881835938e+01 -5.151002407073974609e+00
-1.711877250671386719e+01 -6.492960453033447266e+00 8.843325042724609375e+01
-1.183377761840820312e+02 -4.947455215454101562e+01 -1.563163185119628906e+01
1.099224281311035156e+01 -6.199123764038085938e+01 3.065942192077636719e+01
4.612975692749023438e+01 -7.260411834716796875e+01 4.752896881103515625e+01
-2.529510116577148438e+01 -1.877444982528686523e+00 -1.044507598876953125e+01
-2.859029960632324219e+01 -7.255199432373046875e+01 4.495365905761718750e+01
3.663417816162109375e+01 4.251229763031005859e+00 -1.406855106353759766e+01
-5.674774169921875000e+00 -9.598823547363281250e+01 -2.348273086547851562e+01
-7.671365356445312500e+01 6.474618530273437500e+01 -1.618930435180664062e+01
-2.703489494323730469e+01 -9.421269989013671875e+01 -4.493805885314941406e+00
-3.018995475769042969e+01 3.299570465087890625e+01 1.281770935058593750e+02
-6.514701843261718750e+01 1.188039064407348633e+00 -6.105868911743164062e+01
-7.535657501220703125e+01 9.146917343139648438e+00 8.491551208496093750e+01
-1.435843048095703125e+02 -4.848017120361328125e+01 -1.600267052650451660e+00
2.066209602355957031e+01 -7.442430877685546875e+01 -6.012902832031250000e+01
1.044903087615966797e+01 -1.207090091705322266e+01 -2.076957893371582031e+01
2.271577596664428711e+00 -2.852008056640625000e+01 5.131624603271484375e+01
2.209397315979003906e+00 6.347915649414062500e+00 -9.475706100463867188e+00
-6.683655738830566406e+00 4.972819519042968750e+01 3.840116500854492188e+01
-6.267406082153320312e+01 4.382281494140625000e+01 1.459591007232666016e+01
-8.954126834869384766e-01 1.845804977416992188e+01 6.366958236694335938e+01
-3.510456466674804688e+01 -4.506047821044921875e+01 5.238459777832031250e+01
-3.002519226074218750e+01 -5.593490600585937500e+01 1.517018914222717285e+00
-2.183398246765136719e+01 -1.155663681030273438e+01 1.110094223022460938e+02
-3.201986694335937500e+01 -1.656604003906250000e+01 -5.662468338012695312e+01
-9.739066314697265625e+01 -4.978688430786132812e+01 2.865482330322265625e+01
-5.360158157348632812e+01 -9.510188293457031250e+01 2.896182632446289062e+01
-1.055253143310546875e+02 4.276066970825195312e+01 -2.636083841323852539e+00
-1.198273239135742188e+02 1.787688636779785156e+01 1.145046234130859375e+01
-4.381672668457031250e+01 3.254948043823242188e+01 3.895671844482421875e+01
3.355669403076171875e+01 -2.582331085205078125e+01 5.905783462524414062e+01
-3.600838470458984375e+01 6.296384811401367188e+01 3.425585174560546875e+01
-2.409184265136718750e+01 -1.555205841064453125e+02 1.574405384063720703e+01
-3.906189346313476562e+01 4.472889328002929688e+01 6.543763732910156250e+01
-7.077308654785156250e+01 -8.917655944824218750e+00 2.030832290649414062e+00
1.685804557800292969e+01 -4.823863220214843750e+01 5.942687988281250000e+01
-8.010234069824218750e+01 -7.459738159179687500e+01 -4.684008598327636719e+00
6.280062484741210938e+01 1.318171024322509766e+01 1.898227214813232422e+00
-3.739336395263671875e+01 -2.605429649353027344e+01 -4.507311248779296875e+01
1.268893003463745117e+00 6.117300033569335938e+01 4.357704925537109375e+01
1.166953754425048828e+01 -1.455094146728515625e+01 -2.363591384887695312e+01
-1.132267608642578125e+02 4.215470123291015625e+01 -2.971675682067871094e+01
-1.021618080139160156e+01 -5.244564819335937500e+01 -9.223114776611328125e+01
2.945042800903320312e+01 -9.047471618652343750e+01 2.805636882781982422e+00
-2.865222740173339844e+01 -1.185557651519775391e+01 8.366706085205078125e+01
-5.476912689208984375e+01 4.261519241333007812e+01 1.561926746368408203e+01
-7.120225524902343750e+01 1.182773017883300781e+01 8.051676177978515625e+01
-5.968850708007812500e+01 -7.423611450195312500e+01 4.424640655517578125e+01
-6.931859588623046875e+01 -5.097157955169677734e+00 2.915040493011474609e+00
-1.283306732177734375e+02 -4.089718627929687500e+01 -6.996150207519531250e+01
-8.810330963134765625e+01 2.869370269775390625e+01 -4.212881088256835938e+01
1.403775787353515625e+01 4.492908096313476562e+01 2.327759361267089844e+01
-1.122624492645263672e+01 -3.259726524353027344e+00 5.524704360961914062e+01
8.400911331176757812e+00 -2.929545402526855469e+01 1.885423583984375000e+02
3.022057533264160156e+01 -4.700063323974609375e+01 1.527577972412109375e+02
-1.133890228271484375e+02 5.933643341064453125e+01 -3.796823978424072266e+00
-9.018961334228515625e+01 -6.828044128417968750e+01 4.555952835083007812e+01
-5.417258453369140625e+01 -7.516131591796875000e+01 1.855027008056640625e+01
-4.660043334960937500e+01 -1.279830932617187500e+01 1.979573059082031250e+02
-3.697050857543945312e+01 -1.828452682495117188e+01 -4.959611129760742188e+01
1.338245010375976562e+01 1.599685096740722656e+01 5.993983268737792969e+00
5.523423385620117188e+01 -1.764353561401367188e+01 1.048592910766601562e+02
1.325251388549804688e+01 -8.292665481567382812e+00 4.757121658325195312e+01
-1.767645645141601562e+01 -8.469862365722656250e+01 3.543036460876464844e+00
-7.339117431640625000e+01 -6.893111228942871094e+00 1.474478912353515625e+02
2.845388412475585938e+01 5.395535278320312500e+01 4.843013381958007812e+01
8.368524169921875000e+01 -5.480702209472656250e+01 7.605972290039062500e+01
1.166411895751953125e+02 -6.061571502685546875e+01 1.021504745483398438e+02
-4.487498402595520020e-01 -4.278846740722656250e+01 1.993505096435546875e+01
-5.808975219726562500e+00 1.282106781005859375e+01 4.284369468688964844e+00
2.289643859863281250e+01 -9.680854034423828125e+01 1.298664703369140625e+02
-2.854579353332519531e+01 -7.209149169921875000e+01 -2.249268722534179688e+01
7.057558441162109375e+01 -6.677587509155273438e+00 3.581059265136718750e+01
-4.293362808227539062e+01 2.742595672607421875e+00 4.303114700317382812e+01
-4.648514938354492188e+01 3.041053581237792969e+01 3.029361367225646973e-01
-2.125584411621093750e+01 -5.791452789306640625e+01 -2.029101753234863281e+01
3.911905670166015625e+01 -1.017660827636718750e+02 7.361293029785156250e+01
5.139991760253906250e+01 4.054222583770751953e+00 4.901957702636718750e+01
1.475501823425292969e+01 -1.425663146972656250e+02 4.047150421142578125e+01
-4.355421447753906250e+01 -2.501833724975585938e+01 3.865216445922851562e+01
4.997291088104248047e+00 -8.301901817321777344e+00 1.127344818115234375e+02
1.744372177124023438e+01 4.256976604461669922e+00 1.553806304931640625e+01
1.583689498901367188e+01 -4.807688522338867188e+01 4.419785690307617188e+01
1.684634590148925781e+01 -1.008099594116210938e+02 -3.594199371337890625e+01
-7.982021331787109375e+01 -1.247841339111328125e+02 3.012661743164062500e+01
-1.072823524475097656e+01 5.249438095092773438e+01 6.019338989257812500e+01
5.326470947265625000e+01 -1.068515396118164062e+02 -3.430044174194335938e+01
1.277644348144531250e+01 -8.296215820312500000e+01 3.571260833740234375e+01
3.210522079467773438e+01 5.619838714599609375e+00 1.282720184326171875e+01
7.453585815429687500e+01 -5.296347427368164062e+01 -4.603043365478515625e+01
-9.847233581542968750e+01 -9.021496582031250000e+01 2.613886260986328125e+01
1.691396117210388184e+00 -9.999195098876953125e+01 -5.793601226806640625e+01
1.070091342926025391e+01 7.129302978515625000e+01 -2.235629081726074219e+01
8.234770965576171875e+01 -1.660354309082031250e+02 -3.624816131591796875e+01
1.797947502136230469e+01 -9.055364990234375000e+01 5.310960388183593750e+01
8.067293167114257812e+00 -1.463285541534423828e+01 7.876759338378906250e+01
2.180746078491210938e+00 -4.395904922485351562e+01 6.920491695404052734e+00
6.430683135986328125e+01 1.690788269042968750e+01 -3.561692428588867188e+01
8.092368316650390625e+01 -1.666034698486328125e+01 1.369383716583251953e+01
1.577378997802734375e+02 -2.007059669494628906e+01 -3.044324636459350586e+00
3.040491867065429688e+01 -1.925735664367675781e+01 -4.496435642242431641e+00
2.283414077758789062e+01 2.288152503967285156e+01 -4.665936946868896484e+00
-4.568280410766601562e+01 -3.078693580627441406e+01 5.637232208251953125e+01
3.222082138061523438e+01 -1.499733829498291016e+01 -1.389907646179199219e+01
5.981336975097656250e+01 -3.822701644897460938e+01 6.490849304199218750e+01
4.132450103759765625e+01 -2.085433959960937500e+01 3.378235244750976562e+01
-3.441205215454101562e+01 2.658041954040527344e+01 -4.080575561523437500e+01
1.840626525878906250e+01 -2.366068840026855469e+01 7.586260986328125000e+01
-6.642941284179687500e+01 5.417181777954101562e+01 5.271237564086914062e+01
1.224030303955078125e+02 2.716321229934692383e+00 1.023449401855468750e+02
1.714715957641601562e+01 -4.448794937133789062e+01 -6.652298450469970703e+00
2.403432083129882812e+01 -2.784470367431640625e+01 -3.852181243896484375e+01
3.509420776367187500e+01 -3.451765441894531250e+01 1.358076019287109375e+02
2.532447814941406250e+01 -4.121323394775390625e+01 4.339791488647460938e+01
7.534987640380859375e+01 -3.695694732666015625e+01 2.178218841552734375e+01
9.176267242431640625e+01 -4.354774093627929688e+01 -6.374711036682128906e+00
-1.165956878662109375e+02 -9.554594421386718750e+01 -5.716392517089843750e+00
-8.964957237243652344e+00 -5.229345321655273438e+01 -5.830004882812500000e+01
-2.791327857971191406e+01 -4.930317306518554688e+01 2.680082511901855469e+01
8.367893218994140625e+01 2.144535827636718750e+01 6.300619602203369141e+00
6.656025695800781250e+01 5.291946530342102051e-01 9.641912078857421875e+01
6.166531753540039062e+01 5.165769958496093750e+01 4.870858383178710938e+01
2.993927955627441406e+01 3.351901626586914062e+01 5.126052474975585938e+01
1.169989700317382812e+02 1.827976608276367188e+01 -2.762823295593261719e+01
7.805056762695312500e+01 -8.032029724121093750e+01 -6.237664794921875000e+01
6.068192672729492188e+01 -1.861645698547363281e+01 8.242535400390625000e+01
6.193682479858398438e+01 -4.019557476043701172e+00 1.298155364990234375e+02
-4.430318450927734375e+01 -6.613137817382812500e+01 -2.214024353027343750e+01
4.566084671020507812e+01 -4.553640747070312500e+01 1.153879833221435547e+01
1.226048202514648438e+02 9.651141166687011719e+00 2.830902481079101562e+01
7.547667694091796875e+01 -3.481506729125976562e+01 -1.525874805450439453e+01
-4.573715591430664062e+01 1.431994318962097168e+00 4.641736602783203125e+01
1.227699508666992188e+02 -1.302714233398437500e+02 3.871778964996337891e+00
1.267148494720458984e+01 -6.241755294799804688e+01 3.813241195678710938e+01
-5.726828002929687500e+01 3.861310005187988281e+00 8.711013031005859375e+01
4.481920719146728516e+00 3.284492492675781250e+01 1.402135491371154785e+00
-1.712937164306640625e+01 -1.271284942626953125e+02 8.627470970153808594e+00
-1.136648101806640625e+02 1.811798858642578125e+01 -8.656576156616210938e+00
7.665758514404296875e+01 -5.451453781127929688e+01 -1.606598258018493652e+00
3.403650665283203125e+01 -9.545680999755859375e+00 -8.424413681030273438e+00
2.424906539916992188e+01 -2.186350440979003906e+01 3.923770523071289062e+01
1.435772247314453125e+02 4.463502407073974609e+00 3.745158004760742188e+01
1.792502403259277344e+01 3.195705795288085938e+01 1.189220428466796875e+02
4.929332351684570312e+01 1.885188293457031250e+01 4.596833419799804688e+01
-1.728391265869140625e+01 -1.623030853271484375e+01 -1.117271995544433594e+01
4.919670104980468750e+01 8.592281341552734375e+01 4.578477478027343750e+01
8.558925628662109375e+01 -2.694269657135009766e+00 6.676210784912109375e+01
-1.106233596801757812e+01 -9.179531860351562500e+01 1.173596501350402832e+00
5.721055603027343750e+01 3.312069702148437500e+01 2.302106857299804688e+00
-9.924155235290527344e+00 -1.830057716369628906e+01 -8.992520904541015625e+01
-3.713329315185546875e+01 -7.561772155761718750e+01 1.257507171630859375e+02
7.336397171020507812e+00 -3.591876602172851562e+01 5.762500762939453125e+00
-1.986068916320800781e+01 1.112655105590820312e+02 4.037222290039062500e+01
-8.324318885803222656e+00 -4.176405334472656250e+01 -2.278434181213378906e+01
1.484243106842041016e+01 -2.647597122192382812e+01 8.129983520507812500e+01
-3.115165901184082031e+01 5.901965713500976562e+01 -7.829583287239074707e-01
4.337786483764648438e+01 4.940175247192382812e+01 8.210234069824218750e+01
1.843073272705078125e+01 5.370758056640625000e+01 6.059902572631835938e+01
-1.946861839294433594e+01 -2.964361572265625000e+01 3.870207595825195312e+01
-4.497385406494140625e+01 -7.152249908447265625e+01 5.521100616455078125e+01
1.539631605148315430e+00 3.010468673706054688e+01 8.654896545410156250e+01
-2.315609931945800781e+00 -3.259948730468750000e+01 8.945354461669921875e+01
2.406617546081542969e+01 -6.087180328369140625e+01 -1.412907123565673828e+00
1.436847839355468750e+02 6.683128356933593750e+01 1.273048248291015625e+02
7.560541534423828125e+01 -4.973867797851562500e+01 -5.024337005615234375e+01
1.911721229553222656e+01 -8.551770019531250000e+01 7.910054016113281250e+01
8.975155639648437500e+01 -2.440023994445800781e+01 9.316519165039062500e+01
1.023778724670410156e+01 2.198512840270996094e+01 -3.161306953430175781e+01
1.069967117309570312e+02 1.835034561157226562e+01 8.394651031494140625e+01
1.684105491638183594e+01 -5.286594390869140625e+01 8.008106231689453125e+01
3.721357345581054688e+01 -2.672005653381347656e+01 3.324147415161132812e+01
4.514648437500000000e+01 -2.358736610412597656e+01 1.012907314300537109e+01
1.077390670776367188e+01 -5.000616836547851562e+01 2.564906501770019531e+01
4.119271087646484375e+01 -2.327389144897460938e+01 3.604410171508789062e+01
9.897851562500000000e+01 4.038883590698242188e+01 5.614987182617187500e+01
1.366843414306640625e+02 3.530783843994140625e+01 1.062229156494140625e+02
-6.294084930419921875e+01 -7.887248229980468750e+01 -1.868749046325683594e+01
2.769502639770507812e+01 7.814704895019531250e+01 1.248560714721679688e+02
-2.481071662902832031e+01 2.635466194152832031e+01 1.310275745391845703e+01
-1.058306350708007812e+02 9.409894347190856934e-01 5.194899082183837891e+00
-1.911968421936035156e+01 -1.416390533447265625e+02 -1.109830093383789062e+01
-3.979661178588867188e+01 -3.393750762939453125e+01 8.551252746582031250e+01
-8.956462097167968750e+01 -6.072649383544921875e+01 4.955347442626953125e+01
-2.958750724792480469e+01 5.064426422119140625e+01 5.673767089843750000e+01
-5.954378890991210938e+01 -3.272223663330078125e+01 -1.715996742248535156e+01
-1.586762084960937500e+02 -1.385880827903747559e+00 -1.930873870849609375e+01
-3.811310577392578125e+01 5.884401321411132812e+01 -1.613374328613281250e+01
-9.469171905517578125e+01 -4.557422161102294922e+00 2.375280952453613281e+01
8.008974075317382812e+00 -1.298736381530761719e+01 -2.280616569519042969e+01
-7.173384094238281250e+01 5.840278244018554688e+01 -1.343104362487792969e+00
-1.288197021484375000e+02 8.030875396728515625e+01 2.735732269287109375e+01
-3.935550689697265625e+01 -9.081032562255859375e+01 -2.467949867248535156e+01
-2.830668067932128906e+01 -2.327073669433593750e+01 1.464003086090087891e+01
-1.694786071777343750e+01 5.666141510009765625e+00 1.927096176147460938e+01
3.039375305175781250e+01 -4.929221725463867188e+01 6.299066543579101562e+01
2.888417243957519531e+00 1.485519313812255859e+01 -4.256767272949218750e+00
-2.224730491638183594e+01 3.289538383483886719e+00 -1.111415004730224609e+01
5.706732940673828125e+01 8.486255645751953125e+01 9.072623443603515625e+01
-1.421989898681640625e+02 1.322714424133300781e+01 -4.745742034912109375e+01
-8.126154327392578125e+01 -3.267679512500762939e-01 2.717695045471191406e+01
-7.651042175292968750e+01 -2.719787657260894775e-01 -7.549132537841796875e+01
-2.079025983810424805e+00 8.838286590576171875e+01 3.158524322509765625e+01
-5.953535461425781250e+01 3.156992793083190918e-01 -6.387498855590820312e+01
-1.731016039848327637e+00 1.151849365234375000e+02 -3.283809280395507812e+01
-1.080996704101562500e+02 1.743802642822265625e+01 3.159964752197265625e+01
-4.324153518676757812e+01 8.828010559082031250e+01 4.376612472534179688e+01
-4.529231643676757812e+01 8.197524261474609375e+01 -2.296523284912109375e+01
-1.886236953735351562e+01 4.268060684204101562e+01 -2.033623695373535156e+01
1.075056171417236328e+01 9.812802124023437500e+01 2.463835334777832031e+01
-9.960840606689453125e+01 5.587512493133544922e+00 -4.169154357910156250e+01
-1.293934020996093750e+02 6.524994659423828125e+01 -5.071286392211914062e+01
-4.014418411254882812e+01 3.186196136474609375e+01 6.872319030761718750e+01
-1.101355056762695312e+02 5.285714340209960938e+01 1.051306838989257812e+02
-3.564178085327148438e+01 7.429544067382812500e+01 7.035891723632812500e+01
-7.712372589111328125e+01 -1.417125940322875977e+00 7.996818065643310547e+00
-8.171752166748046875e+01 6.646968078613281250e+01 1.428139972686767578e+01
-3.161485671997070312e+01 1.145619812011718750e+02 1.130023193359375000e+01
4.838221073150634766e+00 9.053958892822265625e+01 -2.170492935180664062e+01
-6.073654556274414062e+01 9.223763275146484375e+01 5.138963699340820312e+01
-9.121462106704711914e-01 -2.621843147277832031e+01 4.473130416870117188e+01
-1.683825683593750000e+01 6.440435791015625000e+01 5.649362182617187500e+01
-9.316106414794921875e+01 -4.574712276458740234e+00 6.454549407958984375e+01
6.351043701171875000e+01 5.962762069702148438e+01 2.017419242858886719e+01
-6.936502838134765625e+01 1.704310417175292969e+01 6.469058227539062500e+01
3.286931228637695312e+01 4.297737121582031250e+00 3.614536285400390625e+01
-6.402117919921875000e+01 4.038862609863281250e+01 4.000051116943359375e+01
-1.519787120819091797e+01 2.281108665466308594e+01 5.674501800537109375e+01
6.219396591186523438e+01 1.125391540527343750e+02 6.111372756958007812e+01
-3.755796813964843750e+01 -4.190339660644531250e+01 5.411891937255859375e+01
-1.678021240234375000e+01 4.260970687866210938e+01 1.707406234741210938e+01
-3.521237564086914062e+01 -6.401183319091796875e+01 3.935446166992187500e+01
-8.979296684265136719e+00 2.381243324279785156e+01 4.122259140014648438e+01
-2.534391975402832031e+01 -1.860423469543457031e+01 8.549086451530456543e-01
-7.037718200683593750e+01 8.103458404541015625e+01 4.185118865966796875e+01
-8.259123229980468750e+01 3.694207000732421875e+01 1.255019569396972656e+01
-1.313434886932373047e+01 -6.123154067993164062e+01 -4.192030334472656250e+01
-7.575634002685546875e+00 1.215646648406982422e+01 -5.435632705688476562e+01
-4.752539443969726562e+01 -5.289864349365234375e+01 -2.524322891235351562e+01
-7.543979644775390625e+01 5.589955139160156250e+01 -8.029686927795410156e+00
-4.712067413330078125e+01 1.341996097564697266e+01 2.585330009460449219e+01
-3.153649902343750000e+01 8.171596527099609375e+00 -1.502695369720458984e+01
-8.988913726806640625e+01 -6.404422283172607422e+00 -9.195039272308349609e-01
-1.983083534240722656e+01 -1.152775955200195312e+02 -4.962608337402343750e+01
-3.659026336669921875e+01 5.341515731811523438e+01 -5.427716732025146484e+00
-3.445943450927734375e+01 5.130535125732421875e+01 7.846750640869140625e+01
-5.148509597778320312e+01 2.118405580520629883e+00 4.903787612915039062e+01
-7.356349182128906250e+01 4.036731338500976562e+01 1.654373168945312500e+01
-6.861312103271484375e+01 -8.756439971923828125e+01 7.763021850585937500e+01
6.154793930053710938e+01 8.819448852539062500e+01 3.557110214233398438e+01
8.085024833679199219e+00 -2.374516105651855469e+01 3.201979446411132812e+01
1.743118858337402344e+01 -2.597790908813476562e+01 3.452603530883789062e+01
8.696342468261718750e+00 -2.403783035278320312e+01 1.232751998901367188e+02
3.687180709838867188e+01 -2.039277791976928711e+00 6.310478591918945312e+01
1.024298248291015625e+02 -4.373227691650390625e+01 7.211019897460937500e+01
-3.513892364501953125e+01 -2.772440719604492188e+01 -8.169535827636718750e+01
-1.089877853393554688e+02 5.567501831054687500e+01 -2.085427856445312500e+01
-2.573580741882324219e+01 9.615500640869140625e+01 3.538891983032226562e+01
-2.198202323913574219e+01 -8.170092773437500000e+01 1.005256500244140625e+02
8.710886383056640625e+01 4.197982025146484375e+01 7.945648193359375000e+01
-4.099032592773437500e+01 -2.912337112426757812e+01 1.162036437988281250e+02
6.414482593536376953e+00 9.009510040283203125e+01 1.379067993164062500e+02
3.309454345703125000e+01 7.199805450439453125e+01 -1.143354225158691406e+01
3.495885610580444336e+00 7.645912170410156250e+01 -3.595035552978515625e+01
-3.056157302856445312e+01 2.961834716796875000e+01 9.599950408935546875e+01
-1.023520660400390625e+01 1.136469345092773438e+02 3.038341712951660156e+01
-5.420750141143798828e+00 1.018099670410156250e+02 4.663027954101562500e+01
-8.612109375000000000e+01 9.153697967529296875e+01 1.160055389404296875e+02
-4.706115341186523438e+01 8.043342590332031250e+01 -1.647761154174804688e+01
5.150412559509277344e+00 -1.575706005096435547e+01 1.577167987823486328e+01
2.721425819396972656e+01 1.001150436401367188e+02 8.681099700927734375e+01
9.130521774291992188e+00 9.879049682617187500e+01 8.333032226562500000e+01
-3.029536247253417969e+01 7.633305072784423828e+00 3.514903640747070312e+01
4.840652465820312500e+01 6.276139068603515625e+01 -1.679700165987014771e-01
7.997807312011718750e+01 4.579209136962890625e+01 1.663068580627441406e+01
2.924064826965332031e+01 -3.252966308593750000e+01 -9.745368003845214844e+00
1.098727569580078125e+02 -2.205143547058105469e+01 4.710176467895507812e+01
-3.543524169921875000e+01 1.578534393310546875e+02 1.768874931335449219e+01
-4.062865447998046875e+01 -8.975090026855468750e+01 8.116674041748046875e+01
-6.128761672973632812e+01 2.978550338745117188e+01 1.017178440093994141e+01
1.072218475341796875e+02 8.899987792968750000e+01 3.750774383544921875e+01
-8.080093383789062500e+01 1.533360004425048828e+00 -1.964792442321777344e+01
1.060102691650390625e+02 -5.968238449096679688e+01 1.190426445007324219e+01
7.911131286621093750e+01 -2.176891326904296875e+01 -6.231325149536132812e+00
1.004946041107177734e+01 -1.250266456604003906e+01 3.731893157958984375e+01
1.082881851196289062e+02 7.782575988769531250e+01 -5.800728225708007812e+01
1.806012878417968750e+02 1.183031082153320312e+01 7.375637817382812500e+01
1.350833740234375000e+02 -1.035259887576103210e-01 -1.630621147155761719e+01
3.361326980590820312e+01 3.039569091796875000e+01 -3.885552597045898438e+01
5.671052455902099609e+00 5.322151947021484375e+01 4.616425323486328125e+01
-4.826390838623046875e+01 3.395569992065429688e+01 -6.933808135986328125e+01
3.783640289306640625e+01 1.226488828659057617e+00 -7.061301422119140625e+01
1.510029983520507812e+01 1.435244941711425781e+01 1.310513916015625000e+02
-5.202212333679199219e-01 8.972380757331848145e-01 1.180820007324218750e+02
2.369598007202148438e+01 1.196592102050781250e+02 1.418530750274658203e+01
4.839727020263671875e+01 2.064105033874511719e+01 -4.853905868530273438e+01
9.933439254760742188e+00 -2.198491477966308594e+01 -1.893720054626464844e+01
1.006881332397460938e+02 -5.434346008300781250e+01 8.419443511962890625e+01
5.506047058105468750e+01 7.584669589996337891e+00 2.613207054138183594e+01
7.048907470703125000e+01 3.197178459167480469e+01 3.241908264160156250e+01
2.534579849243164062e+01 1.695880279541015625e+02 -1.035027465820312500e+02
-4.845220184326171875e+01 -1.248332309722900391e+01 1.411861801147460938e+01
-7.304904460906982422e-01 6.396396255493164062e+01 -6.038122558593750000e+01
-1.057353496551513672e+01 9.700251007080078125e+01 -3.016568565368652344e+01
-1.584909248352050781e+01 9.672241210937500000e+01 8.306279754638671875e+01
3.532615661621093750e+01 5.862001419067382812e+01 -1.690251350402832031e+01
-1.676277399063110352e+00 8.994453430175781250e+01 3.942409133911132812e+01
-2.076815223693847656e+01 9.344341278076171875e+01 -1.323619365692138672e+01
-1.440489501953125000e+02 3.683448028564453125e+01 -3.534043884277343750e+01
1.336800765991210938e+01 1.163202285766601562e+02 2.371471595764160156e+01
-2.636972808837890625e+01 4.916682434082031250e+01 -2.331695556640625000e+01
3.239977264404296875e+01 2.636579704284667969e+01 -8.363916778564453125e+01
4.888551712036132812e+01 1.093608169555664062e+02 8.187782287597656250e+01
6.925357818603515625e+01 1.683550567626953125e+02 -7.013153076171875000e+01
2.631039619445800781e+01 8.633905792236328125e+01 1.365576362609863281e+01
-9.086150360107421875e+01 -5.763465404510498047e+00 9.121791076660156250e+01
3.369557571411132812e+01 4.886170578002929688e+01 7.481344604492187500e+01
6.791764068603515625e+01 1.189568786621093750e+02 8.211782836914062500e+01
1.935277366638183594e+01 7.948644256591796875e+01 -5.095668435096740723e-01
-2.416704368591308594e+01 4.881951141357421875e+01 6.303370666503906250e+01
9.999132537841796875e+01 1.498744506835937500e+02 4.459295272827148438e+00
9.527330780029296875e+01 7.581281280517578125e+01 5.833839416503906250e+01
7.647711944580078125e+01 -2.663889694213867188e+01 1.510177917480468750e+02
3.140829467773437500e+01 4.824470520019531250e+01 -1.802157211303710938e+01
-1.791374969482421875e+01 7.274049377441406250e+01 1.252157878875732422e+01
-2.686579704284667969e+01 1.076436710357666016e+01 1.742083129882812500e+02
7.243074798583984375e+01 7.587622833251953125e+01 2.881822586059570312e+01
-7.279447078704833984e+00 5.434672164916992188e+01 3.220949935913085938e+01
-5.845622062683105469e+00 2.222874069213867188e+01 2.797889947891235352e+00
-5.926696395874023438e+01 7.002736663818359375e+01 -2.458814811706542969e+01
8.245982360839843750e+01 6.599761962890625000e+01 2.799445343017578125e+01
7.165149688720703125e+01 5.222648239135742188e+01 3.438312911987304688e+01
8.762305259704589844e+00 -7.081902980804443359e+00 -4.323863983154296875e+01
-2.241376113891601562e+01 5.819088745117187500e+01 -8.537284851074218750e+00
1.383667755126953125e+02 -1.271097564697265625e+01 -5.193758010864257812e+01
6.397949218750000000e+01 -2.475150871276855469e+01 9.889479637145996094e+00
8.517581176757812500e+01 2.342535972595214844e+01 -3.455983352661132812e+01
-1.270624351501464844e+01 -1.048070335388183594e+01 7.265181732177734375e+01
1.128798904418945312e+02 -2.062674522399902344e+01 3.543788528442382812e+01
2.870137214660644531e+01 3.023612785339355469e+01 3.379809951782226562e+01
6.270608901977539062e+01 -3.161363983154296875e+01 3.345658874511718750e+01
-5.103133773803710938e+01 4.733889770507812500e+01 1.721390380859375000e+02
-8.065233612060546875e+01 -2.848803138732910156e+01 3.727205657958984375e+01
4.248788833618164062e+01 -4.533797836303710938e+01 -1.193598628044128418e+00
6.318782806396484375e+01 -7.895131683349609375e+01 4.859858989715576172e+00
-1.853212928771972656e+01 -1.792109680175781250e+01 4.303150177001953125e+01
1.220143966674804688e+02 1.337503051757812500e+02 1.517946434020996094e+01
-3.373263549804687500e+01 -1.648638725280761719e+01 1.617028617858886719e+01
9.020441436767578125e+01 3.361507415771484375e+01 7.720713043212890625e+01
-5.341466522216796875e+01 -1.750663518905639648e+00 8.930516815185546875e+01
5.230249786376953125e+01 3.359311676025390625e+01 1.208125381469726562e+02
2.784219980239868164e+00 -2.122014999389648438e+01 8.037011718750000000e+01
6.636187744140625000e+01 8.347624969482421875e+01 5.481639862060546875e+01
-4.169068145751953125e+01 3.283576583862304688e+01 7.008359527587890625e+01
4.269104003906250000e+00 2.276644706726074219e+01 3.838230514526367188e+01
-1.200032424926757812e+01 5.305656433105468750e+01 6.128755569458007812e+01
2.932936668395996094e+01 1.844378852844238281e+01 1.017909469604492188e+02
5.520505523681640625e+01 8.423436737060546875e+01 -4.719440460205078125e+01
6.563039398193359375e+01 2.668897438049316406e+01 8.910519409179687500e+01
-1.493813896179199219e+01 -6.903491973876953125e+01 1.533087310791015625e+02
1.443020915985107422e+01 -6.582696437835693359e+00 9.752635002136230469e+00
8.260247230529785156e+00 -4.400016784667968750e+01 8.469640350341796875e+01
3.175107192993164062e+01 7.475740051269531250e+01 8.285620117187500000e+01
-6.278009414672851562e+01 5.325398445129394531e+00 -7.901301383972167969e+00
5.096051406860351562e+01 1.123947429656982422e+01 -7.029734802246093750e+01
6.548442840576171875e+01 3.988950347900390625e+01 3.729685974121093750e+01
2.293851661682128906e+01 4.684779739379882812e+01 2.198372602462768555e+00
7.779001617431640625e+01 -5.713253784179687500e+01 2.100519561767578125e+01
-8.321736907958984375e+01 3.187609100341796875e+01 7.433686828613281250e+01
8.283117675781250000e+01 8.474251747131347656e+00 2.399697303771972656e+01
-6.320346355438232422e+00 5.714828872680664062e+01 8.492034912109375000e+01
5.960590362548828125e+01 -5.320045471191406250e+01 5.256533050537109375e+01
5.642729187011718750e+01 1.724926376342773438e+01 5.887153244018554688e+01
3.500536346435546875e+01 -3.957328033447265625e+01 8.945228576660156250e+01
1.340754985809326172e+01 7.233390808105468750e+01 8.072622680664062500e+01
4.475415420532226562e+01 -2.827222251892089844e+01 -7.142668151855468750e+01
3.769485855102539062e+01 -2.410569953918457031e+01 -6.094041442871093750e+01
5.515653610229492188e+01 -5.241586685180664062e+00 -1.628937911987304688e+01
4.085632705688476562e+01 5.434443664550781250e+01 -8.686245727539062500e+01
7.132767486572265625e+01 6.878243255615234375e+01 6.396966934204101562e+00
-7.120513439178466797e+00 1.076640033721923828e+01 -6.825858306884765625e+01
-1.189911746978759766e+01 3.971140670776367188e+01 5.433866882324218750e+01
-6.086694335937500000e+01 9.856757164001464844e+00 2.415918159484863281e+01
-5.812989807128906250e+01 -7.432024002075195312e+00 3.702721786499023438e+01
-7.770884704589843750e+01 1.093290252685546875e+02 6.041277694702148438e+01
1.513570880889892578e+01 1.251219787597656250e+02 -1.966666984558105469e+01
4.621782684326171875e+01 -3.995564270019531250e+01 6.366893386840820312e+01
4.232270717620849609e+00 5.697708511352539062e+01 4.263560104370117188e+01
1.083933944702148438e+02 -4.505828857421875000e+00 -3.523575210571289062e+01
1.994306755065917969e+01 -1.752933621406555176e+00 1.073367691040039062e+02
1.663336944580078125e+01 -4.598719024658203125e+01 -2.603131866455078125e+01
4.732559967041015625e+01 3.658055496215820312e+01 1.034881057739257812e+02
6.782344055175781250e+01 7.832275390625000000e+01 9.592432403564453125e+01
-4.280532836914062500e+01 -1.772707939147949219e+01 -9.224224090576171875e+00
-3.196800422668457031e+01 3.519981384277343750e+01 1.853577423095703125e+01
3.638306427001953125e+01 2.471356010437011719e+01 -7.914892196655273438e+00
-3.259902572631835938e+01 4.024129104614257812e+01 -7.937220764160156250e+01
4.330836832523345947e-01 -3.538835525512695312e+01 1.505331420898437500e+01
5.452200412750244141e+00 8.663812255859375000e+01 -7.010321617126464844e+00
-4.851574707031250000e+01 6.774419403076171875e+01 -5.661275100708007812e+01
-9.573287963867187500e+00 9.139870643615722656e+00 1.484412574768066406e+01
1.093188190460205078e+01 2.867115592956542969e+01 2.639344406127929688e+01
-4.790598392486572266e+00 -1.614218711853027344e+01 -4.584749603271484375e+01
