-1.601761627197265625e+01 -4.141731643676757812e+01 -2.561894035339355469e+01
-2.752710533142089844e+01 -4.221513748168945312e+00 -3.585361862182617188e+01
-2.409255599975585938e+01 -2.441464424133300781e+00 -3.692760848999023438e+01
-4.596561431884765625e+01 -7.569246768951416016e+00 -2.661746788024902344e+01
-3.121598243713378906e+01 -3.929229354858398438e+01 -1.811986160278320312e+01
-2.018909263610839844e+01 -4.274177932739257812e+01 -1.505634975433349609e+01
-1.802212953567504883e+00 -4.563625335693359375e+01 -1.959376716613769531e+01
-2.498940277099609375e+01 -4.445946121215820312e+01 -8.974052429199218750e+00
-2.231422233581542969e+01 -4.419842147827148438e+01 2.745750188827514648e+00
-4.321941375732421875e+01 -1.888394355773925781e+01 -9.619150161743164062e-01
8.930031776428222656e+00 -1.838199806213378906e+01 -3.410129928588867188e+01
3.048303413391113281e+01 -2.703975677490234375e+01 -3.241542434692382812e+01
2.401150703430175781e+01 -1.496768569946289062e+01 -5.598515319824218750e+01
1.806309318542480469e+01 -6.883989810943603516e+00 -4.021446609497070312e+01
1.905631828308105469e+01 -1.495130157470703125e+01 -3.484415054321289062e+01
4.045046615600585938e+01 -1.268971729278564453e+01 -2.027910423278808594e+01
4.408322906494140625e+01 -2.003691101074218750e+01 -2.810967254638671875e+01
1.695280647277832031e+01 -4.468611907958984375e+01 -2.269336891174316406e+01
4.343316650390625000e+01 -2.682866096496582031e+01 -9.574732780456542969e+00
3.671730804443359375e+01 -2.514449310302734375e+01 -2.326519012451171875e+01
-1.273827552795410156e+01 2.808014106750488281e+01 -3.228878784179687500e+01
-1.994307899475097656e+01 3.881464004516601562e+01 -3.011774253845214844e+01
-1.990460586547851562e+01 3.078168869018554688e+01 -2.617304801940917969e+01
-4.163346481323242188e+01 8.363739013671875000e+00 -2.002954673767089844e+01
-4.435354614257812500e+01 2.554237937927246094e+01 -1.160588264465332031e+01
-4.978993606567382812e+01 4.216095447540283203e+00 -1.791861534118652344e+00
-3.860199737548828125e+01 3.012256431579589844e+01 -2.831851482391357422e+00
-3.206376647949218750e+01 2.767372131347656250e+01 -2.048312664031982422e+00
1.131549835205078125e+01 1.337922477722167969e+01 -5.104322433471679688e+01
2.329618644714355469e+01 1.948434066772460938e+01 -4.010786437988281250e+01
1.649007797241210938e+01 2.146311569213867188e+01 -4.119588470458984375e+01
4.867512130737304688e+01 1.122364616394042969e+01 -2.121692657470703125e+01
5.090311050415039062e+00 5.263640594482421875e+01 -1.513137340545654297e+01
1.092441272735595703e+01 5.532989883422851562e+01 -1.560126018524169922e+01
8.625753402709960938e+00 4.611355972290039062e+01 -2.578126192092895508e+00
2.321717262268066406e+01 4.779596328735351562e+01 -1.240667057037353516e+01
2.883893013000488281e+01 3.404340744018554688e+01 -1.488394069671630859e+01
4.244052886962890625e+01 3.263206100463867188e+01 -1.592326164245605469e+01
4.752761840820312500e+01 3.078330802917480469e+01 2.379269361495971680e+00
-3.698762893676757812e+01 -2.716041755676269531e+01 1.788020515441894531e+01
-2.229041671752929688e+01 -3.166106224060058594e+01 2.012261009216308594e+01
-4.618532180786132812e+01 -1.129062366485595703e+01 9.692475318908691406e+00
-3.611712265014648438e+01 -1.299343299865722656e+01 1.861768126487731934e+00
-4.962761306762695312e+01 -1.989327907562255859e+00 1.452628040313720703e+01
-5.314474487304687500e+01 -8.839973449707031250e+00 1.565720558166503906e+01
-1.709822654724121094e+01 -3.800301742553710938e+01 3.153228569030761719e+01
-2.004926681518554688e+01 -3.820819091796875000e+01 3.469209671020507812e+01
-2.556696653366088867e+00 -3.376885986328125000e+01 3.262065124511718750e+01
-2.069901275634765625e+01 -8.021723747253417969e+00 3.384890365600585938e+01
-1.706247901916503906e+01 -1.583009910583496094e+01 4.388726806640625000e+01
3.357007265090942383e+00 -2.652969741821289062e+01 4.175413131713867188e+01
-7.384201049804687500e+00 1.221428394317626953e+00 5.411237716674804688e+01
4.513508796691894531e+00 -5.036301422119140625e+01 1.367379570007324219e+01
1.093632125854492188e+01 -5.146300888061523438e+01 1.692982292175292969e+01
3.691307067871093750e+01 -4.226215362548828125e+01 1.220857524871826172e+01
3.227190399169921875e+01 -3.604570770263671875e+01 1.565285682678222656e+00
1.380697631835937500e+01 -3.709474182128906250e+01 3.167900466918945312e+01
-8.172562122344970703e-01 -3.493351745605468750e+01 3.453732681274414062e+01
1.478855133056640625e+01 -3.121685981750488281e+01 2.897874832153320312e+01
4.830934047698974609e+00 -1.279360866546630859e+01 5.928324127197265625e+01
8.683398246765136719e+00 -9.620879173278808594e+00 3.972890853881835938e+01
3.618589782714843750e+01 -2.307591819763183594e+01 3.771782684326171875e+01
-4.859100723266601562e+01 1.699328231811523438e+01 1.643483281135559082e+00
-4.588711929321289062e+01 1.861758041381835938e+01 4.749712467193603516e+00
-4.961407470703125000e+01 1.057186889648437500e+01 1.824775505065917969e+01
-4.001985549926757812e+01 3.215451812744140625e+01 3.143837451934814453e+00
-3.553572082519531250e+01 3.104884910583496094e+01 1.210546684265136719e+01
-3.159164237976074219e+01 2.252940559387207031e+01 3.336496353149414062e+01
5.249468612670898438e+01 6.209533691406250000e+00 1.742468452453613281e+01
4.832754135131835938e+01 6.694454193115234375e+00 6.153835296630859375e+00
4.053468704223632812e+01 2.057855987548828125e+01 -7.079955935478210449e-01
3.438317871093750000e+01 1.810051727294921875e+01 1.890020751953125000e+01
4.472566223144531250e+01 2.801632308959960938e+01 -4.978162765502929688e+00
3.299383163452148438e+01 3.383219909667968750e+01 3.956935167312622070e+00
2.556072998046875000e+01 9.252501487731933594e+00 4.416850662231445312e+01
1.389703655242919922e+01 3.381081104278564453e+00 5.248886871337890625e+01
2.717694282531738281e+01 2.028745263814926147e-01 4.553687667846679688e+01
1.529417991638183594e+01 5.146091461181640625e+00 5.088605880737304688e+01
8.737984657287597656e+00 1.585163497924804688e+01 3.881090545654296875e+01
6.353293418884277344e+00 3.417450714111328125e+01 2.810257148742675781e+01
1.334101200103759766e+01 3.603177261352539062e+01 4.489271545410156250e+01
