-5.518007659912109375e+01 -1.798949050903320312e+01 -5.717767715454101562e+01
-5.052461624145507812e+01 -8.629514694213867188e+00 -6.415546417236328125e+01
-5.682684707641601562e+01 -1.372586631774902344e+01 -4.630599594116210938e+01
-2.831273269653320312e+01 -1.009317970275878906e+01 -7.579904937744140625e+01
-4.466225051879882812e+01 -3.082837677001953125e+01 -4.976180648803710938e+01
-1.822262001037597656e+01 -2.650200080871582031e+01 -6.677120208740234375e+01
-1.417477703094482422e+01 -2.708148956298828125e+01 -5.158612823486328125e+01
-5.995939731597900391e+00 -2.465590286254882812e+01 -4.991708374023437500e+01
-3.005219459533691406e+01 -5.051907151937484741e-03 -7.360597229003906250e+01
-2.848918151855468750e+01 -1.981939697265625000e+01 -6.140977096557617188e+01
-2.615384864807128906e+01 -2.245658111572265625e+01 -6.614495849609375000e+01
-1.573251342773437500e+01 -2.114820671081542969e+01 -6.508145141601562500e+01
-7.052579498291015625e+01 -9.784143447875976562e+00 -3.909672927856445312e+01
-8.381111907958984375e+01 -4.377363681793212891e+00 -2.113398015499114990e-01
-5.417202758789062500e+01 -1.859012794494628906e+01 -2.374036598205566406e+01
-2.538615989685058594e+01 -2.669126129150390625e+01 -3.817000198364257812e+01
-2.748318290710449219e+01 -3.548894119262695312e+01 -3.825831604003906250e+01
-9.017918586730957031e+00 -2.759935379028320312e+01 -3.484547424316406250e+01
-4.814241790771484375e+01 -2.723992919921875000e+01 -7.648393630981445312e+00
-1.498223400115966797e+01 -1.687550735473632812e+01 -1.626291275024414062e+01
-9.588667869567871094e+00 -1.636844825744628906e+01 -1.499231433868408203e+01
-1.510460853576660156e+01 -9.857029914855957031e+00 -4.196769237518310547e+00
-7.209090232849121094e+00 -1.148884868621826172e+01 -2.057882881164550781e+01
5.435106277465820312e+00 -3.324877166748046875e+01 -5.286691665649414062e+01
3.428252410888671875e+01 -1.315296173095703125e+01 -7.548037719726562500e+01
4.217540359497070312e+01 -1.628525352478027344e+01 -6.877806091308593750e+01
3.379414367675781250e+01 -2.660368537902832031e+01 -5.979937362670898438e+01
4.727312469482421875e+01 -1.460326099395751953e+01 -5.134126281738281250e+01
5.843440628051757812e+01 1.586755752563476562e+00 -5.686664199829101562e+01
5.817235946655273438e+00 -3.045412254333496094e+01 -3.946949005126953125e+01
2.959174919128417969e+01 -3.034653282165527344e+01 -2.521899986267089844e+01
3.865452957153320312e+01 -2.575985717773437500e+01 -1.393304443359375000e+01
3.969203567504882812e+01 -2.751703453063964844e+01 -1.088095784187316895e+00
-1.392859697341918945e+00 -9.331256866455078125e+00 -2.227181434631347656e+01
4.918540191650390625e+01 -1.465888118743896484e+01 -5.381864547729492188e+01
6.221332550048828125e+01 -1.236855506896972656e+01 -4.530441284179687500e+01
7.555403900146484375e+01 -1.263479232788085938e+01 -2.541530227661132812e+01
6.454788970947265625e+01 -4.938552379608154297e+00 -4.272107315063476562e+01
6.918089294433593750e+01 -2.685227775573730469e+01 -2.486570167541503906e+01
6.336230850219726562e+01 -2.000082778930664062e+01 -1.477009010314941406e+01
7.484562683105468750e+01 -1.466750717163085938e+01 -2.633213806152343750e+01
6.986071014404296875e+01 -4.455481052398681641e+00 -1.168976783752441406e+01
4.543757438659667969e-01 -3.857744693756103516e+00 -8.362160491943359375e+01
-5.373332595825195312e+01 4.168450355529785156e+00 -6.155602645874023438e+01
-3.358849716186523438e+01 -1.435907745361328125e+01 -7.296954345703125000e+01
-4.306874084472656250e+01 1.733940315246582031e+01 -6.488936614990234375e+01
-5.432448863983154297e+00 9.803331375122070312e+00 -8.257800292968750000e+01
-3.298723602294921875e+01 2.873561096191406250e+01 -4.759772109985351562e+01
-1.803953170776367188e+01 1.625097846984863281e+01 -5.416764068603515625e+01
-4.926481246948242188e+01 2.114032554626464844e+01 -5.387829589843750000e+01
-6.281320190429687500e+01 2.038173103332519531e+01 -3.941790771484375000e+01
-6.517958831787109375e+01 1.578885841369628906e+01 -4.200488281250000000e+01
-6.599007415771484375e+01 2.039768791198730469e+01 -2.502389335632324219e+01
-5.371897506713867188e+01 2.955936813354492188e+01 -2.699195289611816406e+01
-5.414257049560546875e+01 3.128855133056640625e+01 -1.251494789123535156e+01
-4.543755722045898438e+01 3.873526382446289062e+01 -4.129544067382812500e+01
-4.593499374389648438e+01 2.910755538940429688e+01 -2.621666145324707031e+01
-3.983159255981445312e+01 2.921886825561523438e+01 -2.830316925048828125e+01
-8.159636497497558594e+00 3.585608673095703125e+01 -5.126022720336914062e+01
-1.296262741088867188e+01 1.728016471862792969e+01 -2.043557548522949219e+01
1.699772715568542480e+00 1.357450771331787109e+01 -2.667260360717773438e+01
-1.816366195678710938e+01 1.271775627136230469e+01 -3.111619234085083008e+00
-4.702646255493164062e+01 3.185472106933593750e+01 4.074431896209716797e+00
-4.595457077026367188e+01 2.704409790039062500e+01 -1.059394180774688721e-01
1.619764328002929688e+01 -1.689181923866271973e+00 -8.044438171386718750e+01
2.467674255371093750e+00 1.814377975463867188e+01 -6.647505950927734375e+01
2.419934463500976562e+01 8.871817588806152344e+00 -7.284938812255859375e+01
6.178405761718750000e+00 2.069479370117187500e+01 -7.409144592285156250e+01
2.759208488464355469e+01 9.875078201293945312e+00 -6.835789489746093750e+01
3.209020996093750000e+01 1.058553886413574219e+01 -7.186667633056640625e+01
3.422328948974609375e+01 2.208019447326660156e+01 -5.790003967285156250e+01
6.776728057861328125e+01 5.098030090332031250e+00 -5.611145401000976562e+01
4.147804260253906250e+00 2.145441627502441406e+01 -3.223693466186523438e+01
-2.383480072021484375e-01 1.783142280578613281e+01 -2.837755966186523438e+01
9.840157508850097656e+00 -1.562473773956298828e+00 -1.087349891662597656e+01
3.272909927368164062e+01 2.824638175964355469e+01 -2.043722152709960938e+01
5.828292083740234375e+01 1.950506210327148438e+01 -4.703416824340820312e+01
6.333062744140625000e+01 2.352831459045410156e+01 -3.246277618408203125e+01
6.335363769531250000e+01 1.314490604400634766e+01 -4.715327835083007812e+01
6.348085021972656250e+01 1.074726390838623047e+01 -3.596730422973632812e+01
7.699692535400390625e+01 1.189549732208251953e+01 -3.653837585449218750e+01
7.056503295898437500e+01 2.291096305847167969e+01 -3.333505249023437500e+01
5.604705429077148438e+01 7.761344909667968750e+00 -3.028565025329589844e+01
6.855249786376953125e+01 1.498393058776855469e+01 -2.300225830078125000e+01
7.453022003173828125e+01 1.462315559387207031e+01 -2.529014015197753906e+01
6.616805267333984375e+01 2.264813041687011719e+01 -9.433360099792480469e+00
5.913301467895507812e+01 2.872198867797851562e+01 -2.237818145751953125e+01
-6.686439514160156250e+01 -3.023206138610839844e+01 3.119850158691406250e+00
-7.023676300048828125e+01 -2.326311683654785156e+01 2.144545364379882812e+01
-7.842135620117187500e+01 -1.501644611358642578e+01 7.706455707550048828e+00
-8.459001922607421875e+01 -1.238483619689941406e+01 2.605558013916015625e+01
-6.839160919189453125e+01 -2.196404647827148438e+01 3.628740692138671875e+01
-5.607128143310546875e+01 -1.554073143005371094e+01 3.990305328369140625e+01
-6.468187713623046875e+01 -1.419306373596191406e+01 4.001929473876953125e+01
-5.189780044555664062e+01 -3.392105865478515625e+01 1.799134826660156250e+01
-3.281228637695312500e+01 -2.883297729492187500e+01 1.273414134979248047e+01
-1.612830543518066406e+01 -7.939505100250244141e+00 4.592615127563476562e+00
-3.047019004821777344e+01 -2.032543563842773438e+01 1.953974151611328125e+01
6.718021392822265625e+00 -1.240612125396728516e+01 1.838075637817382812e+01
3.059210538864135742e+00 -7.853415489196777344e+00 1.357355403900146484e+01
-2.675459289550781250e+01 -2.371590423583984375e+01 3.348202896118164062e+01
2.338047981262207031e+00 -3.035512924194335938e+01 3.333460617065429688e+01
-3.874016189575195312e+01 -2.449250793457031250e+01 5.566764068603515625e+01
-2.796867561340332031e+01 -1.561854553222656250e+01 6.793459320068359375e+01
-1.051150894165039062e+01 -2.288921165466308594e+01 6.998389434814453125e+01
-4.565150260925292969e+00 -1.662181663513183594e+01 8.290159606933593750e+01
-1.991574883460998535e+00 -1.247414970397949219e+01 7.843053436279296875e+01
-8.222974777221679688e+00 7.525535583496093750e+00 6.766436767578125000e+01
3.782688522338867188e+01 -1.815218734741210938e+01 1.806248092651367188e+01
3.634400177001953125e+01 -2.422942161560058594e+01 1.368150711059570312e+01
3.927341079711914062e+01 -3.343120574951171875e+01 2.570430946350097656e+01
9.512084960937500000e+00 -1.257573223114013672e+01 2.200789070129394531e+01
1.897848129272460938e+01 -1.403073024749755859e+01 1.484080028533935547e+01
1.539754199981689453e+01 -2.986777305603027344e+00 1.515883922576904297e+01
5.167304039001464844e+00 -4.599032878875732422e+00 2.209109306335449219e+01
1.611080551147460938e+01 -3.189866828918457031e+01 2.638610839843750000e+01
8.133436203002929688e+00 -2.617838668823242188e+01 3.773067092895507812e+01
4.394465637207031250e+01 -3.703112411499023438e+01 2.717236137390136719e+01
2.917126655578613281e+01 -3.786380767822265625e+01 4.402370834350585938e+01
4.845622253417968750e+01 -3.581491851806640625e+01 4.336166763305664062e+01
2.989174842834472656e+00 -1.633783721923828125e+01 3.237905883789062500e+01
5.584305191040039062e+01 -2.521673202514648438e+01 1.306060123443603516e+01
5.387434387207031250e+01 -3.507052993774414062e+01 1.776057434082031250e+01
5.476423645019531250e+01 -2.437641334533691406e+01 3.273578643798828125e+01
6.529329681396484375e+01 -2.811352157592773438e+01 3.099675941467285156e+01
3.781350326538085938e+01 -3.352891540527343750e+01 5.741962432861328125e+01
1.886463165283203125e+01 -1.121062755584716797e+01 7.420877838134765625e+01
3.872059106826782227e+00 -1.492570304870605469e+01 7.566158294677734375e+01
6.353347778320312500e+00 -1.904740691184997559e+00 7.161344909667968750e+01
-7.639767456054687500e+01 -5.692402839660644531e+00 -2.638060808181762695e+00
-8.187797546386718750e+01 4.792777061462402344e+00 9.355869293212890625e+00
-6.983173370361328125e+01 2.421766471862792969e+01 6.034297466278076172e+00
-6.386637878417968750e+01 2.208073425292968750e+01 3.050631284713745117e+00
-5.315778350830078125e+01 1.735829162597656250e+01 4.010106277465820312e+01
-7.079161071777343750e+01 -7.662349700927734375e+00 3.929884338378906250e+01
-5.865265655517578125e+01 1.181485557556152344e+01 3.939417648315429688e+01
-2.501800346374511719e+01 7.498668193817138672e+00 8.522360920906066895e-01
-1.382159328460693359e+01 -3.121368646621704102e+00 5.535443305969238281e+00
-1.928528213500976562e+01 9.304292678833007812e+00 1.538407516479492188e+01
-4.889781951904296875e+00 1.734805488586425781e+01 2.452785873413085938e+01
-4.192995834350585938e+01 2.768137931823730469e+01 -2.144210577011108398e+00
-4.263543319702148438e+01 3.279129409790039062e+01 7.898925304412841797e+00
-3.752310943603515625e+01 2.728135871887207031e+01 1.852972030639648438e+01
-3.167330551147460938e+01 2.751411437988281250e+01 3.316400527954101562e+00
-2.223127174377441406e+01 2.264831733703613281e+01 2.958323669433593750e+01
-1.857787132263183594e+01 3.042917442321777344e+01 2.897009468078613281e+01
-2.207144021987915039e+00 3.165928649902343750e+01 4.504893875122070312e+01
-5.190563583374023438e+01 -8.348467946052551270e-01 5.687238311767578125e+01
-4.829985046386718750e+01 1.371173191070556641e+01 5.614575195312500000e+01
-4.407377624511718750e+01 2.790214920043945312e+01 6.061785888671875000e+01
-4.583052444458007812e+01 1.720851135253906250e+01 6.088402175903320312e+01
-5.813496112823486328e+00 2.800336647033691406e+01 6.655680084228515625e+01
3.146051645278930664e+00 1.280368804931640625e+01 2.870756530761718750e+01
1.150097656250000000e+01 2.438549804687500000e+01 2.774150276184082031e+01
4.943349075317382812e+01 2.746042251586914062e+01 5.579623222351074219e+00
3.945287322998046875e+01 2.702705192565917969e+01 2.831686782836914062e+01
3.150566291809082031e+01 3.195800971984863281e+01 3.075697326660156250e+01
4.417606353759765625e+00 2.256075096130371094e+01 3.380868530273437500e+01
5.648900508880615234e+00 2.903525924682617188e+01 3.420318603515625000e+01
2.016545486450195312e+01 3.159848022460937500e+01 3.860249710083007812e+01
2.112753868103027344e+01 2.993238449096679688e+01 4.603773880004882812e+01
4.410225296020507812e+01 2.539957427978515625e+01 3.067616462707519531e+01
7.625885009765625000e+01 1.744308090209960938e+01 2.404236412048339844e+01
7.985123443603515625e+01 1.662171363830566406e+01 1.782182312011718750e+01
6.908379364013671875e+01 1.878676605224609375e+01 2.566873073577880859e+00
7.034902191162109375e+01 2.233892250061035156e+01 3.222497940063476562e+01
7.344155120849609375e+01 5.363952636718750000e+00 3.034478187561035156e+01
7.722768402099609375e+01 7.253724098205566406e+00 4.537754440307617188e+01
6.219113922119140625e+01 1.968319511413574219e+01 3.132455635070800781e+01
5.429129028320312500e+01 2.018465232849121094e+01 5.898580932617187500e+01
4.366822433471679688e+01 1.974457550048828125e+01 4.728487777709960938e+01
2.665347480773925781e+01 2.839920806884765625e+01 5.542723846435546875e+01
1.453968334197998047e+01 1.500637340545654297e+01 8.008313751220703125e+01
5.127907180786132812e+01 1.815421342849731445e+00 5.725598907470703125e+01
