3.453598403930664062e+01 2.297880744934082031e+01 -1.988052062988281250e+02
-1.462098217010498047e+01 -2.171823883056640625e+01 -1.435351409912109375e+02
-8.505593109130859375e+01 4.585005950927734375e+01 2.018425369262695312e+01
-1.691701698303222656e+01 -2.082827377319335938e+01 -3.351361846923828125e+01
-1.031253662109375000e+02 -4.246947860717773438e+01 -1.042456359863281250e+02
-2.648220634460449219e+01 1.312125968933105469e+01 -3.749982833862304688e+01
-5.652974700927734375e+01 -5.679318618774414062e+01 -6.114358139038085938e+01
-1.326020965576171875e+02 1.583798217773437500e+01 -1.809155845642089844e+01
-8.507280731201171875e+01 8.480036926269531250e+01 -1.376157531738281250e+02
-2.916676139831542969e+01 -7.332030487060546875e+01 -8.251777648925781250e+01
-4.931496047973632812e+01 -5.753613281250000000e+01 -1.247514724731445312e+02
-1.790775299072265625e+02 -1.084919433593750000e+02 -5.152842330932617188e+01
-1.391385803222656250e+02 -3.629621124267578125e+01 -7.534946441650390625e+01
-8.756652069091796875e+01 1.855411529541015625e+01 6.737335205078125000e+01
-1.054476470947265625e+02 -3.221991348266601562e+01 5.443062591552734375e+01
-9.844534301757812500e+01 -8.602400207519531250e+01 -1.098891220092773438e+02
-2.152083778381347656e+01 -1.005816802978515625e+02 -1.128252696990966797e+01
-6.433384704589843750e+01 -7.388563752174377441e-01 -6.252715301513671875e+01
1.693303489685058594e+01 -5.706266021728515625e+01 -1.991068267822265625e+01
-1.053018760681152344e+01 1.743017387390136719e+01 -1.124433898925781250e+02
-4.562084960937500000e+01 -3.967480850219726562e+01 7.849191284179687500e+01
-2.910680389404296875e+01 7.326624298095703125e+01 -2.582629394531250000e+01
2.117370605468750000e+01 -4.699457550048828125e+01 -5.163813400268554688e+01
-8.515380859375000000e+01 -4.738471603393554688e+01 1.288954734802246094e+01
-2.283190727233886719e+01 -5.212788772583007812e+01 -4.954998779296875000e+01
-6.399952316284179688e+01 2.514060783386230469e+01 4.541352081298828125e+01
-4.250120925903320312e+01 -5.418028640747070312e+01 -1.205220794677734375e+01
7.211508274078369141e+00 -2.506832695007324219e+01 -4.571276092529296875e+01
-1.884173011779785156e+01 -9.266160964965820312e+00 -4.884486007690429688e+01
6.237033462524414062e+01 3.668819808959960938e+01 -1.237777633666992188e+02
6.374748229980468750e+01 7.517085266113281250e+01 3.165488243103027344e+00
2.026486396789550781e+01 -3.304368972778320312e+01 -7.204327392578125000e+01
1.047292251586914062e+02 -7.915469360351562500e+01 -4.022003936767578125e+01
7.908058929443359375e+01 -6.925691223144531250e+01 -1.424902153015136719e+01
-4.584435272216796875e+01 -2.801408576965332031e+01 -1.908179626464843750e+02
1.171318817138671875e+02 -1.308399081230163574e+00 -1.826641387939453125e+02
6.174070388078689575e-02 4.128830909729003906e+00 -5.829004669189453125e+01
1.211959934234619141e+01 -8.071353912353515625e+00 -4.233010864257812500e+01
3.907441329956054688e+01 -2.108603858947753906e+01 -1.472003555297851562e+01
2.249365806579589844e+00 -8.033213043212890625e+01 -1.041435852050781250e+02
2.196719551086425781e+01 1.817043113708496094e+01 -4.414175033569335938e+01
-3.301493453979492188e+01 1.001296806335449219e+01 -4.383041381835937500e+01
4.883127212524414062e+01 5.987107276916503906e+00 3.553963088989257812e+01
5.941939926147460938e+01 2.546022033691406250e+01 -8.623745727539062500e+01
6.350695419311523438e+01 3.232962799072265625e+01 -7.304045867919921875e+01
-1.176770210266113281e+01 -1.399448776245117188e+01 2.723871612548828125e+01
3.870697402954101562e+01 -7.321520996093750000e+01 -7.606822967529296875e+01
4.000128555297851562e+01 -3.041962814331054688e+01 -5.571996688842773438e+01
-2.239249038696289062e+01 -2.789943504333496094e+01 -7.036873626708984375e+01
4.263265228271484375e+01 -2.697529029846191406e+01 -7.101120758056640625e+01
1.003721542358398438e+02 -4.558457851409912109e+00 -1.089275436401367188e+02
6.491057586669921875e+01 -6.620677947998046875e+01 6.432072520256042480e-01
4.943994522094726562e+01 1.442792987823486328e+01 4.898758697509765625e+01
6.472998809814453125e+01 -4.405274200439453125e+01 1.043507933616638184e+00
3.826181411743164062e+01 1.284619522094726562e+01 2.702409744262695312e+01
5.146048545837402344e+00 6.743943214416503906e+00 -1.182100601196289062e+02
5.420760631561279297e+00 1.055892276763916016e+01 -5.558628463745117188e+01
-3.614930725097656250e+01 -1.132649326324462891e+01 -5.972812271118164062e+01
-1.683001327514648438e+01 1.339321804046630859e+01 -1.273543701171875000e+02
-2.580795669555664062e+01 5.995291519165039062e+01 -8.808849334716796875e+01
-8.997981262207031250e+01 4.927153396606445312e+01 -1.644288787841796875e+02
-5.703134059906005859e+00 5.202758407592773438e+01 1.527352046966552734e+01
-3.394509887695312500e+01 -1.452739143371582031e+01 -8.921118927001953125e+01
-9.405107879638671875e+01 -2.648164272308349609e+00 -1.867939186096191406e+01
-8.040856361389160156e+00 7.327126312255859375e+01 -1.199982833862304688e+02
-1.053606567382812500e+02 -2.048183059692382812e+01 -4.503617286682128906e+00
-3.375040435791015625e+01 -1.808857345581054688e+01 -5.744589614868164062e+01
-4.996986770629882812e+01 -2.300176620483398438e+01 -8.745616149902343750e+01
-5.027179336547851562e+01 3.804221725463867188e+01 -3.296824264526367188e+01
-2.425033092498779297e+00 2.289295196533203125e+01 -2.952317810058593750e+01
-5.254424667358398438e+01 -1.860452079772949219e+01 -1.157854270935058594e+01
3.431750488281250000e+01 7.882756042480468750e+01 1.846224594116210938e+01
3.146800422668457031e+01 1.133904342651367188e+02 -5.581856918334960938e+01
-2.069615364074707031e+01 -2.447114944458007812e+01 -3.948533630371093750e+01
-3.039688301086425781e+01 1.051320648193359375e+02 -4.781934738159179688e+01
-8.207588195800781250e+00 -2.403188514709472656e+01 -3.063445854187011719e+01
5.231562042236328125e+01 4.621616363525390625e+00 -5.523282051086425781e+00
2.473040580749511719e+00 -5.520010757446289062e+01 2.037191867828369141e+00
-2.702640914916992188e+01 6.269749069213867188e+01 1.289089679718017578e+01
6.774217224121093750e+01 -1.055760383605957031e+01 -6.296768951416015625e+01
3.660660171508789062e+01 -4.079831695556640625e+01 -3.518052577972412109e+00
1.353382263183593750e+02 -6.847095489501953125e+01 7.260864257812500000e+01
4.732295989990234375e+01 4.368349075317382812e+01 -5.468313694000244141e+00
-9.343199920654296875e+01 -6.077239513397216797e+00 -5.403341674804687500e+01
-9.536928176879882812e+00 1.197648315429687500e+02 2.537700653076171875e+01
2.940915298461914062e+01 -1.172870731353759766e+01 -4.320934295654296875e+00
-2.740714454650878906e+01 -4.717132186889648438e+01 1.357185363769531250e+01
-6.959789276123046875e+01 -5.232539367675781250e+01 -3.479738998413085938e+01
-9.179784393310546875e+01 4.424437332153320312e+01 5.995844268798828125e+01
-4.237336349487304688e+01 -5.109699249267578125e+01 5.645945358276367188e+01
-6.551160430908203125e+01 -7.614435577392578125e+01 -4.138803005218505859e+00
-7.656790924072265625e+01 -1.657041358947753906e+01 -1.165624160766601562e+02
-5.113634490966796875e+01 2.726785469055175781e+01 6.672776794433593750e+01
4.227917480468750000e+01 -1.243058700561523438e+02 -4.507716751098632812e+01
7.771250152587890625e+01 4.277256011962890625e+01 -1.340421080589294434e+00
-1.774329376220703125e+01 4.374944865703582764e-01 1.174733657836914062e+02
3.987776947021484375e+01 -1.385435180664062500e+02 7.640207672119140625e+01
7.108455896377563477e-01 1.713329315185546875e+01 -7.133088111877441406e+00
-9.028496551513671875e+01 5.759534072875976562e+01 7.044878387451171875e+01
5.249797058105468750e+01 -4.892319488525390625e+01 -2.246935462951660156e+01
7.762138366699218750e+01 -5.551560974121093750e+01 7.674394989013671875e+01
-4.853403091430664062e+01 -4.090274429321289062e+01 -4.664535522460937500e+00
-1.816403579711914062e+01 -4.732792663574218750e+01 -3.028345489501953125e+01
-6.611763000488281250e+00 -1.047317695617675781e+01 1.735277557373046875e+02
-2.935388565063476562e+01 -5.054290008544921875e+01 1.358458709716796875e+02
5.158317947387695312e+01 -3.286186933517456055e+00 -5.556666946411132812e+01
-2.121931266784667969e+01 -4.263871383666992188e+01 9.777282714843750000e+01
7.893888092041015625e+01 -2.035929298400878906e+01 -6.961303710937500000e+01
2.006216049194335938e+01 3.729828119277954102e+00 5.469467926025390625e+01
-7.692123413085937500e+00 1.069061431884765625e+02 -3.394789505004882812e+01
-2.746390724182128906e+01 -8.692223358154296875e+01 -1.745137214660644531e+01
-1.476489067077636719e+01 -3.901781845092773438e+01 6.219924545288085938e+01
5.285461807250976562e+01 -1.284990692138671875e+02 -7.296315193176269531e+00
4.298959350585937500e+01 2.019276380538940430e+00 -1.989359855651855469e+01
5.627121734619140625e+01 5.351770877838134766e+00 4.085702514648437500e+01
6.936557769775390625e+01 1.202549934387207031e+00 9.353430175781250000e+01
1.490197448730468750e+02 -6.249747467041015625e+01 4.338179779052734375e+01
1.248688812255859375e+02 3.848193740844726562e+01 8.280607604980468750e+01
-2.119639968872070312e+01 4.658015060424804688e+01 1.072978744506835938e+02
7.662499427795410156e+00 -5.942416381835937500e+01 1.314466571807861328e+01
3.060753059387207031e+01 2.052474975585937500e+01 8.436879730224609375e+01
4.686843872070312500e+01 8.648114013671875000e+01 9.102229309082031250e+01
-8.302737236022949219e+00 1.422003326416015625e+02 2.629533004760742188e+01
3.359609222412109375e+01 -6.104261779785156250e+01 9.198266601562500000e+01
-1.890247535705566406e+01 3.253579330444335938e+01 3.837350463867187500e+01
-4.840534591674804688e+01 8.179197692871093750e+01 9.192034149169921875e+01
-1.368748931884765625e+02 5.225447463989257812e+01 1.079173946380615234e+01
5.202896595001220703e+00 3.181592369079589844e+01 1.962704086303710938e+01
-1.471690521240234375e+02 5.685915756225585938e+01 -8.793964385986328125e+00
-9.535427093505859375e+01 2.163140487670898438e+01 -6.555749511718750000e+01
-1.341433563232421875e+02 9.236328005790710449e-01 -1.122884178161621094e+01
-1.013782405853271484e+01 6.867480468750000000e+01 -1.868564796447753906e+01
6.079769134521484375e+01 2.059248924255371094e+01 -3.250580215454101562e+01
-2.408288002014160156e+00 2.886854934692382812e+01 -5.640868759155273438e+01
-1.032332229614257812e+01 -3.143359184265136719e+01 1.955979537963867188e+01
8.143283081054687500e+01 4.532427215576171875e+01 1.525122375488281250e+02
-2.938924026489257812e+01 8.801379394531250000e+01 -2.651218223571777344e+01
-1.116217193603515625e+02 5.486735153198242188e+01 7.884606933593750000e+01
5.341987609863281250e+00 -5.664853668212890625e+01 1.627367858886718750e+02
6.034986495971679688e+01 1.553655719757080078e+01 -4.895374679565429688e+01
-6.867034912109375000e+01 -5.432080745697021484e+00 -5.834578323364257812e+01
3.148141288757324219e+01 1.266622238159179688e+02 1.016070861816406250e+02
2.551232576370239258e+00 -5.756122207641601562e+01 9.301930236816406250e+01
-6.131786727905273438e+01 5.168297290802001953e+00 8.382326507568359375e+01
-1.917482757568359375e+01 8.462670135498046875e+01 4.678710174560546875e+01
-5.682102203369140625e+01 6.152353286743164062e+01 -3.217369461059570312e+01
-5.043643569946289062e+01 -2.199468803405761719e+01 1.503968200683593750e+02
-6.730934143066406250e+01 1.988916206359863281e+01 1.449019012451171875e+02
5.603388595581054688e+01 -1.145418071746826172e+01 -2.584403419494628906e+01
-1.324450969696044922e+01 4.123168945312500000e+01 3.778108596801757812e+01
4.125555801391601562e+01 2.399890708923339844e+01 2.845230102539062500e+00
1.173171920776367188e+02 6.124953079223632812e+01 1.272601222991943359e+01
-6.538160705566406250e+01 3.582249832153320312e+01 9.960614204406738281e+00
3.714743423461914062e+01 4.651710510253906250e+01 1.619593620300292969e+01
1.644932098388671875e+02 1.068230819702148438e+01 3.520918655395507812e+01
9.923225402832031250e+01 4.252241134643554688e+01 5.478396987915039062e+01
1.318653564453125000e+02 7.834379577636718750e+01 1.224829177856445312e+02
-2.637316513061523438e+01 8.013064384460449219e+00 1.491701202392578125e+02
-2.610995101928710938e+01 1.171985397338867188e+02 1.228844604492187500e+02
8.812019348144531250e+00 5.789096069335937500e+01 6.521139526367187500e+01
-4.216503143310546875e+01 -1.072219085693359375e+01 2.480786132812500000e+01
-2.787993240356445312e+01 6.649356842041015625e+01 7.662420654296875000e+01
-3.883008193969726562e+01 3.444751739501953125e+01 -9.865806579589843750e+01
1.660759162902832031e+01 4.962781143188476562e+01 7.167152404785156250e+01
-5.614241409301757812e+01 -1.982900238037109375e+01 5.550319290161132812e+01
1.185392150878906250e+02 4.755480575561523438e+01 1.102385406494140625e+02
1.065756072998046875e+02 -1.913473510742187500e+01 6.813102722167968750e+00
